snpid	AAA0054	AAA0135	BAA0623	BAA0635	BAA0828	BAA0835	BAA0843	BAA1015	BAA1059	BAA1320	BAA1417	BAA1474	BAA1485	BAA1488	BAA1526	BAA1543	BAA1547	BAA1550	BAB0194	BAB0183	BAA1575	BAB0076	BAB0103	BAB0398	BAB0367	BAB0377	BAB0389	BAB0565	BAB0454	BAB0480	BAB0507	BAB0509	BAB0514	BAB0519	BAB0536	BAA1007	BAB0598	BAB0634	BAB0667	BAB0712	BAB0714	BAB0738	BAB0804	BAB0849	BAB0851	BAB0881	BAB0902	BAB0936	BAB1051	BAB1156	BAB1162	BAB1164	BAB1175	BAB1379	BAB1569	BAB1634	BAB1759	BAB1781	BAB1834	BAB1836	BAB1930	BAB2086	BAB2104	BAB2129	BAB2136	BAB2148	BAC0117	BAC0122	BAC0171	BAC0198	BAC0311	BAC0324	BAC0350	BAC0164	BAC0386	BAC0397	BAC0412	BAC0423	BAC0435	BAC0449	BAC0451	BAC0462	BAC0565	BAC0629	BAC0694	BAC0869	BAC0877	BAC0884	BAC0890	BAC0913	BAC0922	BAC0959	BAC0965	BAC0999	BAC1048	BAC1074	BAC0485	BAC1215	BAC1226	BAB0857	BAC0481	BAC0134	BAA0918	AAA0252	AAA0265	AAA0274	BAA0178	BAA0202	BAA0297	BAA0383	BAA0402	BAA0500	BAA0551	BAA0584	BAA0592	BAA0600	BAA0673	BAA0985	BAA1047	BAA1105	BAA1152	BAA1228	BAA1244	BAA1340	BAA1343	BAA1487	BAA1525	BAA1527	BAA1535	BAA1537	BAA1579	BAB0030	BAB0046	BAB0092	BAB1780	BAB0191	BAB0264	BAB0271	BAB0450	BAB1486	BAB0549	BAB0650	BAB0740	BAB0847	BAB1028	BAB1076	BAB1100	BAB1145	BAB1160	BAB1192	BAB1224	BAB1280	BAB1330	BAB1369	BAB1388	BAB1470	BAB1479	BAB1495	BAB1633	BAB1692	BAB1733	BAB1761	BAB1813	BAB1894	BAB1924	BAB1934	BAB1949	BAC0076	BAC0086	BAC0113	BAC0162	BAC0169	BAC0180	BAC0304	BAC0414	BAC0418	BAC0431	BAC0514	BAC0630	BAC0645	BAC0699	BAC0717	BAC0723	BAC0740	BAC0744	BAC0764	BAC0768	BAC0796	BAC0843	BAC0857	BAC0866	BAC0868	BAC0938	BAC0995	BAC1020	BAC1076	BAC0375	BAA1179	BAC1080	BAB0297	BAC0637	BAB0775	BAB1567
rs1057128	1	0	1	1	0	0	1	0	0	0	1	1	0	0	1	1	0	0	0	0	1	0	0	1	1	1	0	1	0	2	0	1	0	0	1	1	0	0	1	0	1	0	0	0	0	1	2	2	0	0	1	0	0	0	0	1	0	0	0	1	1	0	0	0	1	0	1	0	0	1	1	1	1	1	0	1	0	1	0	0	0	1	1	1	0	0	1	0	0	0	1	0	0	0	1	1	0	0	2	2	0	0	1	1	2	1	0	0	0	0	0	0	0	0	1	0	0	0	0	0	0	1	0	1	0	0	0	0	0	0	0	0	0	0	1	1	2	0	0	1	0		1	0	0	0	0	0	0	0	0	0	0	2	2	0	0	1	1	0	0	0	1	1	0	0	0	0	1	1	1	2	0	1	0	0	0	1	0	0	0	1	0	0	0	0	0	0	0	1	0	0	0	0	1	1	2	1	2	1	0	1	0
rs151290	1	1	2	1	1	1	1	0	1	1	1	2	2	1	1	1	0	1	2	1	1	2	2	1	1	1	2	1	2	1	1	1	2	2	2	1	2	0	2	1	2	1	1	1	2	2	1	0	1	0	0	1	1	1	2	1	2	0	1	1	0	2	1	2	1	2	1	2	2	1	1	1	1	0	0	0	2	1	2	2	1	2	0	1	1	1	1	2	1	2	1	1	1	1	2	1	1	1	1	1	2	2	1	2	0	2	1	2	2	1	1	2	0	1	1	1	0	1	1	2	2	1	2	2	0	2	2	2	0	2	1	2	2	2	1	1	1	2	1	1	1		1	1	2	1	1	1	1	2	1	2	1	0	2	2	1	0	1	2	1	1	1	1	1	1	1	2	1	2	1	1	1	0	2	2	2	1	2	1	2	1	1	2	2	2	1	2	2	1	2	1	2	1	1	1	0	2	0	1	2	2	2
rs163184	1	1	1	1	0	1	1	0	1	0	2	0	1	0	1	1	0	1	1	1	1	2	1	0	0	0	0	0	2	1	2	0	1	2	1	1	1	0	0	1	1	1	0	1	1	2	0	1	0	1	1	1	1	0	2	0	1	0	1	0	0	2	2	0	0	0	1	0	1	0	1	1	1	0	1	0	1	1	1	1	1	2	1	0	1	0	0	0	0	1	1	1	1	0	1	1	0	2	1	1	2	1	2	1	1	0	1	0	1	1	1	0	1	2	1	0	0	1	0	1	2	1	2	1	1	1	2	2	1	2	0	1	1	2	0	0	1	2	0	2	2		1	2	0	1	1	0	0	1	1	0	1	0	1	0	0	0	1	1	1	1	1	2	1	1	1	2	1	1	2	1	1	1	2	0	1	1	1	1	1	1	1	1	1	0	2	0	2	0	1	1	2	1	1	1	1	1	1	1	1	2	2
rs2010963	2	2	2	1	2	1	2	2	0	1	1	1	1	2	1	1	2	2	1	1	1	2	2	1	2	1	2	1	0	1	1	1	2	1	1	2	2	1	2	1	0	2	1	2	2	1	1	1	0	1	1	1	2	2	2	2	1	2	1	1	2	0	2	2	0	1	1	1	1	1	2	1	1	1	1	1	1	1	1	1	2	1	2	1	1	2	2	2	2	2	1	0	1	1	0	2	2	1	1	1	1	1	1	1	2	0	1	1	2	1	1	0	1	2	2	1	1	1	2	2	2	1	1	1	2	1	1	2	1	2	1	2	1	1	2	2	2	2	0	2	1		2	2	1	1	2	1	1	1	1	1	2	1	2	1	2	1	2	2	1	1	2	2	2	2	1	2	0	2	1	2	2	0	1	2	2	0	2	2	0	2	0	1	2	0	2	2	2	2	2	2	1	2	0	0	1	1	2	2	2	2	0
rs2237892	0	1	1	1	1	1	1	2	0	1	0	0	0	1	1	1	2	1	0	1	1	0	1	1	1	1	0	1	0	1	0	2	0	0	0	1	0	2	1	1	0	1	1	1	0	0	1	1	1	1	0	0	1	1	0	1	0	2	1	1	1	0	0	0	1	0	1	0	0	1	1	1	1	1	1	2	0	1	0	0	1	0	1	1	1	0	1	1	1	0	0	1	1	1	1	1	1	0	1	1	0	0	0	0	2	1	0	0	0	1	1	0	2	1	1	1	1	1	1	0	0	0	0	0	1	0	0	0	1	0	1	0	0	0	1	1	1	0	1	0	0		0	0	0	1	1	1	1	1	1	0	0	2	0	0	1	2	1	0	0	1	0	0	0	1	1	0	1	1	0	1	1	1	0	0	0	1	0	1	1	1	1	0	0	0	1	0	0	1	0	1	0	1	0	1	1	1	1	1	0	0	0
rs2237897	0	1	1	1	1	1	1	2	0	0	1	0	0	1	1	1	2	1	0	1	1	0	0	0	1	1	0	1	0	1	0	1	0	0	0	1	0	2	0	1	0	1	1	1	0	0	1	1	1	1	0	0	1	1	0	1	0	2	2	1	1	0	1	0	1	0	1	0	0	0	1	1	1	1	1	2	0	1	0	0	1	0	0	1	1	0	0	1	1	0	1	1	1	1	1	0	1	0	1	1	0	0	0	0	1	0	0	0	0	1	1	0	1	0	1	1	1	1	1	0	0	0	0	0	1	0	1	0	1	0	1	0	0	0	1	1	1	0	1	0	1		1	0	0	1	1	1	1	0	1	0	0	2	0	0	1	2	1	0	0	1	0	0	0	1	1	0	1	1	0	1	1	1	0	0	0	0	0	1	2	1	1	0	0	0	0	0	0	0	0	1	0	1	0	0	1	0	1	1	0	0	0
rs231362	2	2	2	2	2	2	2	2	2	1	2	1	2	2	1	2	2	1	2	2	2	2	1	2	2	2	2	1	2	1	2	2	2	2	2	2	2	2	1	2	1	2	2	1	2	1	1	2	2	1	2	2	1	2	2	2	2	2	2	2	2	0	2	2	2	2	2	2	2	2	2	2	2	2	2	1	2	2	2	2	2	1	2	1	2	2	2	2	2	2	1	0	2	1	2	2	2	2	2	1	2	1	2	2	0	2	2	1	2	2	2	2	2	2	1	2	2	2	2	2	2	2	1	2	1	2	2	2	2	0	2	2	2	1	2	2	2	2	2	2	2		2	2	2	2	2	2	2	2	2	2	2	2	1	2	2	2	2	1	2	2	1	1	2	2	2	2	2	2	2	1	2	2	2	2	2	2	2	1	2	1	0	2	2	2	2	2	2	2	2	2	2	2	2	2	1	2	2	1	1	1	1
rs25648	1	0	1	0	1	0	0	1	0	0	0	0	0	0	0	0	0	0	0	0	0	0	0	0	0	0	0	0	0	0	0	0	0	0	0	0	0	0	0	0	0	0	1	0	0	1	0	0	0	0	0	0	0	0	1	0	0	0	0	0	0	0	0	1	0	0	1	0	0	0	2	0	1	0	0	1	1	1	0	1	0	0	0	0	0	0	0	0	1	0	0	0	0	0	0	0	0	0	0	0	0	0	0	0	0	0	0	0	1	0	1	0	0	0	0	0	0	0	1	0	0	0	0	0	1	0	0	0	1	0	0	0	0	0	0	0	1	0	0	0	0		0	0	0	0	2	0	1	0	0	0	0	0	0	0	0	0	0	0	1	0	0	0	0	1	0	0	0	0	0	0	0	0	0	1	0	0	0	0	0	0	0	0	0	0	0	0	0	0	0	1	0	1	0	0	1	0	1	0	0	0	0
rs3025021	0	2	2	1	2	2	1	0	2	1	2	2	1	1	2	1	1	1	2	2	2	2	2	2	1	1	2	2	2	2	1	2	2	1	2	1	2	2	1	2	2	1	2	1	2	0	2	1	2	2	2	2	1	2	2	2	2	1	1	2	2	2	1	1	2	1	2	2	1	2	2	2	2	1	2	1	2	1	2	2	2	2	2	1	2	2	2	2	0	1	1	2	2	2	2	2	2	2	2	2	2	2	1	1	2	2	2	1	2	2	2	2	2	1	2	2	2	1	2	2	2	2	2	2	2	2	1	2	2	2	1	2	2	2	2	1	1	2	2	2	1		2	1	2	2	2	1	1	2	1	1	2	2	1	0	2	2	1	1	2	2	1	2	1	2	2	1	2	2	2	1	2	1	2	2	2	2	1	0	2	2	2	1	1	2	2	2	2	1	2	2	1	2	2	2	2	2	1	2	2	2	2
rs4148631	1	1	2	1	2	1	2	2	1	2	2	1	1	2	1	1	2	2	2	2	2	2	1	2	2	2	2	2	2	2	2	2	2	2	2	2	2	2	2	2	2	2	1	2	2	2	2	2	1	2	1	1	2	2	2	1	1	2	2	2	2	2	2	2	1	2	2	2	2	2	2	2	2	2	2	2	2	2	2	2	1	2	2	2	2	2	1	2	1	2	1	2	1	2	2	2	2	2	2	2	2	2	2	1	2	1	2	2	2	2	1	0	2	1	2	2	2	2	1	2	2	1	1	2	1	2	2	2	2	2	2	2	2	2	2	2	2	2	2	2	2		2	2	2	2	1	2	1	2	2	2	2	2	1	2	1	1	2	2	2	1	2	2	2	2	1	2	2	2	2	2	2	2	1	2	2	1	1	1	1	2	2	1	2	2	1	2	2	2	2	1	2	2	2	2	2	2	2	2	2	2	1
rs58409508	0	0	0	0	0	1	0	0	0	0	0	0	0	0	0	0	0	0	0	0	0	0	0	0	0	0	0	0	0	0	0	0	0	0	0	0	0	0	0	0	0	0	0	1	0	1	0	0	0	0	0	0	0	0	0	0	0	0	0	0	0	0	0	0	0	0	0	0	0	0	0	0	0	0	0	0	0	0	0	0	0	0	0	0	0	0	0	0	0	0	0	0	0	0	0	0	0	0	0	0	0	0	0	0	0	0	0	0	0	1	0	0	0	0	0	0	0	0	0	0	0	0	0	0	0	1	0	0	0	0	0	0	0	0	0	0	0	0	0	0	0		0	0	0	0	0	0	0	0	0	0	0	0	0	0	0	0	0	1	0	0	0	0	0	0	0	0	0	0	0	0	0	1	0	0	0	0	0	0	0	0	0	0	0	0	0	0	0	0	0	0	0	0	0	0	0	0	0	0	0	1	0
rs6565105	1	0	0	2	2	1	0	2	1	1	1	1	0	2	1	2	1	0	0	1	1	0	1	2	0	1	1	0	1	0	0	2	0	1	2	2	0	2	1	0	1	1	2	2	1	1	1	0	1	1	1	1	1	0	2	1	2	2	1	0	0	2	1	1	2	2	0	0	1	1	1	1	0	0	0	0	1	0	1	1	2	0	2	0	1	1	2	1	1	0	0	2	2	1	1	1	2	2	2	0	1	2	1	1	2	1	0	1	1	2	1	1	1	2	1	2	2	0	1	1	0	1	2	2	1	2	1	1	1	2	2	1	1	1	1	1	0	1	1	2	2		1	0	0	1	0	2	0	1	2	1	1	0	2	1	2	0	1	2	0	1	0	1	1	2	2	1	0	1	0	2	0	2	1	1	1	1	1	2	0	1	1	2	0	0	1	1	1	2	1	2	1	0	2	2	2	1	1	0	1	1	1
rs72807847	0	0	0	0	0	1	1	0	0	0	0	0	0	0	0	0	0	0	0	0	0	0	0	0	0	0	0	0	0	0	0	0	1	0	0	1	0	0	0	0	0	0	0	0	0	0	0	0	0	0	0	0	0	0	0	0	1	1	0	0	0	0	0	0	0	0	0	0	0	0	0	0	0	0	0	0	0	0	0	0	0	0	0	0	0	1	0	0	0	0	0	0	0	0	0	0	0	0	0	0	0	1	0	0	0	0	0	0	0	0	1	0	0	0	0	0	0	0	0	0	0	0	0	0	0	1	0	0	0	1	0	0	0	0	0	1	0	0	0	0	0		0	0	0	0	0	0	0	0	0	1	0	0	0	0	0	0	0	1	0	0	0	0	0	0	0	0	0	0	0	0	1	0	0	0	0	0	0	0	0	1	1	0	0	0	0	0	0	0	0	0	0	0	0	0	0	0	0	0	0	0	0
rs8051657	0	1	1	2	0	1	0	0	0	1	0	1	1	1	1	0	0	0	0	0	1	0	0	1	0	1	2	2	1	1	1	0	0	1	0	1	2	1	1	2	0	1	2	0	0	0	1	0	0	1	1	0	2	0	0	0	0	0	0	2	0	0	1	2	1	2	1	1	1	1	2	1	1	0	0	0	1	2	1	0	1	0	1	2	0	0	1	0	0	0	1	0	1	2	1	1	1	0	0	1	1	2	0	1	1	1	0	1	1	2	2	2	1	0	0	1	1	1	0	1	0	0	1	1	1	1	0	1	1	0	1	0	1	1	0	0	0	0	0	2	1		1	1	1	2	0	1	0	0	1	1	0	0	0	1	0	0	0	0	0	1	1	0	0	0	2	2	2	0	0	2	0	0	1	0	1	1	0	1	0	2	1	1	2	1	1	2	1	1	1	0	0	0	1	0	0	1	1	1	1	0	0
rs833070	0	2	1	2	1	2	0	1	2	1	1	1	2	0	1	2	2	2	2	1	1	1	2	1	1	1	1	1	2	2	2	2	0	2	1	2	1	1	1	2	2	1	1	1	2	1	2	2	2	1	2	2	2	1	1	1	1	0	2	2	1	2	2	0	2	2	1	1	2	1	0	2	1	2	2	1	1	1	2	1	2	2	1	2	2	1	2	2	1	0	2	2	1	1	2	2	0	1	2	1	2	2	1	2	1	2	2	2	0	1	2	2	2	2	1	2	2	2	0	1	1	2	2	1	0	1	2	1	1	2	2	1	2	1	0	1	0	1	2	2	2		1	2	2	2	0	2	1	1	2	2	2	2	1	1	0	1	1	2	1	1	1	0	1	1	2	2	2	1	1	1	1	2	2	1	0	2	0	2	2	1	2	2	1	2	1	0	0	0	2	0	1	0	2	2	1	2	1	0	0	0	2
