ID	Name	AG1	AG2	AG3	AG4	AG5	AG6	AG31	AG32	AG33	AG34	AG35	AG36	AG7	AG8	AG9	AG10	AG11	AG12	QCA06	QCA07	QCA08	QCA09	QCA10	QCA11	QCA12	QCA13	QCA14	QCA15	QCA16
ID1	Styrene	18.63681657	123.4171152	154.5281032	8.612659645	126.7303397	52.14585009	14.73321075	10.2354992	9.911923789	18.91406174	16.07399543	14.8334381	9.845139167	23.21900862	13.03083858	13.27637336	16.79751719	7.399881179	28.15385049	33.70156802	28.40061292	28.15144893	26.78533492	27.39412057	24.26862362	32.2104151	31.50871907	23.65666372	29.95559054
ID2	Benzaldehyde	589.10237	720.9625788	485.3339812	684.8541164	586.0593185	126.9584123	1862.181393	1569.511441	1572.559122	1891.526881	2757.534653	1321.738366	568.6773836	563.8683628	645.6256788	350.8054897	380.5399056	582.3234732	1046.684049	1056.582458	1071.061521	915.8025741	1116.138198	1143.030683	1030.994862	1040.14007	957.0862601	1009.004773	1094.684525
ID3	Hydroquinone	7.861460729	3.76838047	4.582964784	5.008522717	15.1902448	6.203484592	38.16379558	29.29880863	22.96405093	21.6229923	38.92785122	31.36415652	75.83965851	61.95771746	46.38037329	40.86241082	60.90631651	48.7413435	35.78007745	24.67810065	25.51148426	25.0504958	18.01507381	18.75126734	24.75145872	19.21587282	20.89941483	14.56749297	22.07987318
ID4	Cytosine	49.25174697	149.0177614	170.1338344	49.08952131	216.9070902	71.17375602	36.91342473	29.99892413	25.36336602	33.99089242	37.84031706	36.57431883	28.55317564	26.75325302	37.99335361	21.55019779	24.63549574	22.94952201	75.4934388	72.07048454	75.48894827	59.43753003	67.00723016	70.20000953	66.25033624	62.16137697	70.39511342	74.90616245	62.39539206
ID5	Indole	193.5298395	166.2675918	121.3358605	189.2366658	132.4416399	90.66189652	201.567987	228.6997855	192.7805842	256.5432484	343.1607624	225.2433943	206.0417388	163.5066091	209.3378197	171.5539303	155.422456	173.0128255	215.3345155	217.0679555	189.5213914	167.3938687	189.4320766	227.9363196	178.8065916	165.9776497	103.5967641	183.4603377	216.7313006
ID6	Betaine	3188.499088	1975.884268	2297.096641	2302.895472	1535.474035	1877.631057	634.7981938	373.5593547	369.6338971	444.7363681	782.6371873	790.4055056	1439.979693	913.2960253	1266.5671	1329.257967	912.2015867	972.188001	1574.884732	1447.920989	1837.755441	1629.072521	1696.532369	1410.201165	1202.210207	1669.319108	2547.284489	1356.071749	1289.263606
ID7	alpha-methylstyrene	39.18801898	104.9067786	68.82408127	65.77854699	92.6609668	67.53450992	49.60010254	18.41141577	42.74318605	31.30194096	30.94645877	18.8852501	47.57816844	45.73886759	69.96859513	42.75938696	43.31769242	67.0507223	63.23926463	67.29471748	46.1478139	53.30066869	55.69753805	56.42386542	64.20942421	51.55978886	62.52761983	64.27105219	83.79960035
ID8	Phloroglucinol	49.73879671	130.7532333	108.1106548	65.19632646	111.9612898	148.4241089	30.32190266	37.29014413	44.96972276	55.00518717	81.43987597	36.00167796	25.73321057	59.28773495	23.54044096	43.54431597	22.19437908	26.59212343	42.47283545	52.12545985	56.28820829	39.15815736	39.14404171	30.65273943	49.80465268	56.90338409	45.00681406	42.12549056	49.15008935
ID9	Phloroglucinol	463.2429685	16.27148226	24.36379113	218.5477983	14.84914786	19.65639126	37.56170797	41.37412134	22.31334509	22.8870775	21.3501188	35.33385288	111.8254011	310.2716068	79.41237924	119.2226405	191.5474235	79.32167795	72.85527427	91.86205834	66.24135157	66.45217099	88.69423799	48.67212552	67.32402894	79.22482637	89.93585869	54.66324163	66.49742582
ID10	L-Isoleucine	688.2230138	620.8870843	614.7843647	441.5753797	426.1536755	691.9526536	97.51099579	76.10040096	97.59153705	183.001888	164.7705856	142.6581445	207.6860604	337.547403	160.2288948	329.7065518	212.6987996	131.3971099	285.5687964	206.2187894	322.1108439	292.4930268	329.5496943	264.3545322	263.342658	347.5736892	1729.593596	262.0137297	279.7993993
ID11	L-Aspartic acid	58.70266786	160.9778019	367.3535539	79.56000743	562.3737272	199.5396386	117.346122	60.67624315	62.67609714	67.86176612	120.8320497	72.90849597	42.2894391	56.24852439	34.41179382	34.5983914	44.10301705	56.93480305	163.1684393	150.9945563	148.3139227	122.7828998	148.8319062	124.0094147	142.9518095	123.1444744	128.904945	144.3694116	113.1296537
ID12	3,4-Dihydroxybenzaldehyde	869.8269025	959.9784283	555.8947741	1339.91607	450.9526407	289.0153088	2789.346311	2989.599825	3440.537648	3652.575772	3771.258156	3318.644741	3104.60311	3895.071817	2743.330507	3039.467512	3300.46983	3008.044622	2435.00025	2416.612999	2603.805981	2680.147475	2178.047279	2428.385889	2534.311392	2459.733798	2382.332586	2563.122961	2443.62636
ID13	Isophorone	260.4258776	455.9122427	388.7252033	378.1294264	386.646641	560.4264142	186.0280426	53.37886645	83.54975934	180.1422789	204.0326045	7.564228033	293.572159	538.0267929	477.2027492	538.0937258	419.6348462	102.2593543	265.3654903	258.0416602	219.4347783	247.720926	255.9502477	265.7929271	235.464359	231.4294212	279.2056755	236.0015965	231.9906481
ID14	Kojic acid	1516.580538	25.25365521	31.08637802	1031.769589	20.65284306	38.73573753	24.78392097	25.94708713	28.93446148	21.20948642	23.07539577	23.75441861	29.79787336	42.91504753	21.47416436	34.42987021	37.3663682	31.92944653	304.4499375	233.239112	304.9277862	369.2311395	255.4580802	331.174352	256.8355073	379.5534772	309.9981679	198.5175358	288.0550644
ID15	Coumarin	308.9051278	1922.423963	2821.166687	359.4125474	1681.399476	3571.83453	2083.990101	2298.936399	2089.602794	320.9177907	465.3353915	1599.252091	408.9728158	685.1170846	311.5385397	654.6912317	378.2837654	403.2843124	1304.43363	1315.352333	1249.487115	1250.652072	1306.510408	1646.707139	1418.958663	1226.188971	1363.869723	1351.186696	1318.564951
ID16	Coumarin	363.1473508	757.5832243	686.5597227	301.5970889	572.0675263	776.6245013	389.7096762	368.3618186	396.0923803	358.1344274	424.9924048	289.1638194	110.8634839	131.6489054	161.3594298	82.23085944	131.5703896	116.8447755	271.775916	369.4899805	261.2570643	395.7799944	265.5954483	311.5113001	281.0144505	327.4546161	282.1710201	236.8592981	336.8645918
ID17	Guanine	212.1473127	129.111172	113.4260671	61.46434132	92.27545035	92.70384059	57.89207783	42.64417417	43.60037278	67.62108212	69.7237126	53.36327157	56.36243557	67.61714007	42.05571009	61.27930172	47.39719928	45.46196727	92.37715637	95.14980882	85.56560977	96.40420191	79.0000663	95.77644638	93.48881134	102.1507304	82.65188492	88.04260482	82.22067705
ID18	Safrole	533.0550286	511.7970177	277.5957188	336.4709643	308.3874984	182.4511092	650.5621867	531.035888	314.9730679	585.987741	599.7723498	378.2713005	580.4051521	701.7996549	731.3245758	740.1637793	669.7140376	519.9546466	427.8979495	449.2640664	405.5408153	492.5632095	307.0182982	408.2331202	425.093506	428.9973353	430.1287499	352.292022	495.1699568
ID19	L-Phenylalanine	264.3243582	354.9591432	255.6759846	263.2397814	359.9893723	521.2670771	76.39993041	132.36916	111.7158505	141.6594802	181.6898055	164.031729	143.8757404	181.27563	110.3122766	209.5072713	115.3259507	89.27648692	210.3709642	201.5144586	195.7597746	191.8975706	187.5855212	197.0528916	188.4019163	217.5334543	907.2172151	212.9505752	168.0978325
ID20	Apocynin	361.0517883	213.1831698	138.3876298	150.8151363	153.9223436	242.4977323	339.971018	568.9699547	331.3671474	296.5432672	674.3610916	470.7544172	864.119985	940.1116007	958.7670569	1041.427923	1036.143388	1017.056921	391.8065103	431.492993	392.7438734	408.1631504	424.4117277	358.5092464	453.3669965	412.4323674	407.9301029	361.5904678	426.1221179
ID21	3,4-dihydroxyphenylacetic acid	186.8609239	228.5980136	214.5173145	224.9716118	188.3511373	187.7386508	305.0365225	324.432184	324.8144432	429.3444542	259.2717905	423.9190988	305.4055194	284.0332852	269.7527795	257.9652553	204.0300178	366.0135686	198.9658465	276.7824068	290.2629288	204.3664214	326.1349836	385.49127	293.9196264	447.2896709	170.8897392	209.4487998	240.0202791
ID22	Diosphenol	7.986629561	20.18397639	12.24470653	15.87965994	5.772221874	3.536027105	62.09059022	113.2331934	107.3341848	43.51052487	178.5658644	230.7871931	106.9402622	80.72820179	42.17072152	104.5115147	47.26906575	39.70588431	114.2287461	56.06157955	68.41505442	82.81895841	56.5601186	62.3384316	59.9556077	63.80859067	68.11002699	60.92033639	88.69428314
ID23	3,4-Dihydroxyphenylglycol	40.75365753	33.71516529	19.63775022	43.50777159	21.99007213	35.90531019	90.63830332	153.1656598	130.512529	131.3845148	227.9314863	145.8084263	232.6302832	305.4955458	255.7923007	341.5518683	291.9464924	228.5044193	115.0952608	99.59919099	121.8340593	116.5702787	112.062318	104.9030122	119.32022	101.8063425	109.4338735	96.3496449	105.7718445
ID24	L-Tyrosine	85.4818285	170.0622106	166.4446108	71.12137142	84.13096612	254.8270837	43.08691223	38.74647711	38.61050768	61.77551748	44.90707329	38.85214612	50.15704073	52.10388828	35.11325278	48.31305379	54.99370815	43.31544847	77.64743597	70.28674351	66.50204491	69.58208309	64.07901683	68.95618351	65.28806871	75.42855332	282.9463346	79.44120959	83.14558557
ID25	Hexitol	277.662735	264.6605396	503.9489519	297.1471072	225.1065136	416.623679	209.5535375	86.76820027	147.6018349	362.3364814	102.6221338	163.1827713	150.2472956	139.0229193	104.8350299	31.02018645	73.47109684	134.9815805	242.1222596	218.4626268	241.8804196	200.1670927	220.8054326	201.496937	237.0089578	239.9985282	166.6188174	215.0566425	206.9869489
ID26	Danshensu	58.8309894	256.6416295	403.5185699	49.58034288	297.2889613	455.1689466	30.89611305	18.94248372	31.16771599	27.66802033	38.58126946	24.87712994	15.71109254	36.17250063	27.44103416	27.90437835	33.64268453	37.16386037	122.5535121	90.46764428	89.87211333	87.15084114	91.89538253	84.71722332	83.21780821	91.02553809	106.1079995	72.91165116	97.86588231
ID27	3,4-Dihydrocadalene	223.9818725	199.5029249	124.4931248	323.6406791	141.9176394	91.18727118	26.04326281	22.30527385	27.44951592	21.83136019	35.27943199	90.95794722	102.4375858	60.79046102	72.59165265	80.62031713	56.46413077	55.61057347	163.7175047	153.6807468	159.5587868	115.8797976	129.8761877	127.0817652	167.1262874	150.4494561	167.1744632	152.7284108	152.8329406
ID28	3-(3,4-Dihydroxy-5-methoxyphenyl)propanoic acid	100.8749874	209.3985141	117.2124039	83.75834731	127.0923889	230.1090018	89.13637583	53.13140633	68.69953958	63.66733873	108.6876415	54.53137017	86.75875053	129.5596419	51.93704708	91.01800288	55.19340976	72.16955728	83.42127858	140.2556082	98.65699163	90.40924704	76.96582302	56.77879136	67.83504174	70.32128028	61.16989098	72.66522095	138.8142537
ID29	Genipin	21.64237359	94.8249286	49.91358521	17.47327075	29.82042745	161.027881	12.61551466	25.72248966	34.00738366	24.36344334	19.63341026	23.9296724	61.72649595	92.26058884	29.96825843	82.40116986	60.0502464	56.22304015	31.26598714	31.69960659	33.88882533	44.58745431	34.07967955	34.62967465	33.93116377	33.58524235	27.78743761	29.46337098	38.42426082
ID30	Visnagin	22.01127651	21.54427253	18.07317185	27.61680325	15.95654285	26.16786826	32.91164009	37.01269965	29.44498242	29.50953174	33.4423668	59.46191647	55.35606873	34.82666704	29.62097122	61.29143841	39.81162848	37.70516057	50.17276917	41.63347681	56.49640275	52.56682694	30.10153311	32.02203885	31.69803243	26.46235967	30.88810183	32.48766148	26.13242739
ID31	Dihydrokavain	74.05344035	86.42637056	56.33995057	95.36112967	83.92609842	12.99403075	226.1060252	210.3463399	224.7843186	226.6654793	240.3999003	161.9136774	84.27480468	85.77808779	113.0121059	65.89718382	76.67368528	87.71418627	143.2735984	144.3189913	145.489455	141.0823443	140.7806462	149.4757025	144.5316561	131.9234949	150.6253807	130.6991377	152.7222769
ID32	Cytidine	18.78644799	63.90468144	92.0501419	18.26546232	77.79319314	28.37953607	28.03415174	18.66346885	12.44477519	20.67778964	13.27502529	32.80670871	14.06376533	10.72931275	15.01790309	10.79455752	13.78954278	16.18841891	33.50096539	25.13785176	35.57066595	27.6990715	34.95402195	26.03573981	28.51575185	31.55456117	27.66233669	23.87666641	33.86950992
ID33	GENTISEIN	31.69083569	70.28035085	50.90149079	51.92862344	24.89331704	66.71585079	140.9811067	112.7003029	103.8964205	94.35523946	112.8089652	90.67897606	108.0667513	179.4113888	156.9911755	87.80468542	114.6378963	161.1489159	107.1632381	86.65214511	91.08361605	141.9111422	110.4654395	131.0667587	103.8637935	95.40691162	99.53590134	68.73768936	88.8644168
ID34	Isopimpinellin	23.17864595	17.46367171	15.47129944	31.84093347	10.09698154	20.22096193	219.0697047	210.9112266	235.2504245	190.5982285	264.4649194	173.2423551	157.6744484	212.0741665	166.7722283	170.0183272	146.6919292	212.433399	130.1280895	131.6080062	122.0228197	125.9396011	89.38002339	123.9152974	137.4667532	187.0680134	117.2290768	124.5383951	151.1393727
ID35	Anthragallol	161.2887619	666.0301727	266.4060793	735.5624552	430.4625669	262.4511905	1508.542473	1239.943281	1574.918561	2464.973215	1293.274253	1231.324339	2036.263386	960.3787142	1019.914526	786.5000839	314.1442031	1148.439657	1662.094693	882.818502	1095.526162	1151.221696	996.9127031	828.6010278	1121.855861	249.159227	1746.339619	1178.799976	1304.220028
ID36	Lotaustralin	75.78231371	67.79673055	69.53901151	49.5601342	71.90990345	41.91334517	32.66049487	34.82640896	22.79712087	31.38616248	46.97532497	52.86925893	95.04695399	109.9539852	90.85395338	109.8199845	150.7946164	129.0086267	59.68990103	85.85718029	59.27853335	61.04629863	60.4821281	62.25539916	65.54969019	62.06689275	213.1629516	47.02861324	69.35653501
ID37	Genistein	144.6439429	122.0163311	84.78432374	171.1256257	54.80715666	100.0137039	296.9626895	357.1092393	351.6675045	202.9527522	415.4468573	295.0885028	264.1000055	297.3918488	261.7370887	270.2350787	305.5448209	303.3928213	277.7607304	345.3643782	232.5710725	272.8293758	214.7532256	240.7456214	295.2823467	325.9676639	268.2734412	238.537325	290.9393331
ID38	Emodin	106.9630665	275.3750684	161.4866815	200.6967277	128.2402081	148.2979901	119.6550647	323.2269588	353.3932426	564.0216396	365.8026909	426.8890071	129.9239566	325.3659003	211.9665598	218.2250908	205.3657177	192.9301773	235.2086817	242.557271	252.5993016	164.1939402	376.9286461	384.9631457	165.5655211	270.984821	277.6689811	287.9352822	252.2024303
ID39	Phloretin	121.2809741	132.8762024	64.60432495	87.61391578	87.04792497	77.46580954	186.6765686	184.5947322	184.0492018	187.3377118	222.4780176	170.5534212	155.2176575	148.280323	157.9296216	181.0940375	131.5597499	141.4212185	168.3473334	138.487932	116.2919086	162.0726367	148.0526502	162.5224268	123.0288706	148.5235713	171.5687134	133.4291536	132.8554776
ID40	α-Eleostearic acid	37.65061138	109.0800853	27.35695189	25.2347739	30.87102813	113.0656855	24.79149949	18.98619164	22.11448743	45.46575452	27.26995171	23.98483476	49.63918734	78.33498159	60.28785616	101.0666605	37.52433121	22.51297488	5.095254606	47.90930004	23.7645291	41.64713618	45.84482891	50.25272427	50.16389364	35.82698627	29.29645343	46.04157208	34.05052828
ID41	Stearamide	488.7323985	537.4767127	376.31227	262.7373981	403.5395375	571.4987896	303.7212321	113.8464943	262.4373705	310.5541343	415.3749212	297.8587357	311.6685778	425.2831417	291.1502131	428.7440635	246.8258381	372.3129378	396.8217183	329.6333607	377.8769127	371.7495796	382.7389326	391.953324	338.5909832	362.3339383	400.7713217	322.7209482	364.0787621
ID42	Fisetin	4390.308431	5435.677792	4219.390032	5485.505401	4830.732025	4096.697688	6644.644955	6593.57965	6730.790105	8108.653602	8102.000569	7167.918705	7360.838887	8051.526672	7779.859938	7874.999981	7358.844589	7489.253592	5753.398993	6474.416883	5757.483932	5923.104936	5839.604193	5639.94766	6424.426891	6592.218988	5938.136013	5952.879904	6224.630665
ID43	Volkenin	15.27484641	10.42002652	18.37168731	15.46869564	15.81934354	14.96710844	18.73307973	17.06692543	15.78729569	17.56635945	12.49622452	16.59726563	357.7784281	479.0691088	327.3357167	470.3227606	361.5863702	236.8307726	68.03978177	73.01816405	85.65254199	39.24982676	87.9709482	23.37701731	71.53356689	43.43362329	44.0817041	73.17314177	61.8410208
ID44	Catechin	5744.677703	6816.801184	3908.320085	8610.062175	3289.553825	2029.373521	19867.86176	20426.29952	23535.17193	26385.54244	24244.91333	22033.83919	22696.81549	25445.50606	18704.72386	18605.95302	29188.05291	23882.41407	16153.00818	17385.57175	17037.00552	17563.05123	16205.28618	17056.74588	17235.47701	16612.48529	17000.25336	17071.47414	16446.57168
ID45	Quercetin	5397.103473	8138.666137	6790.522112	4447.917549	7315.825926	7233.192198	21362.86892	24206.0008	20743.35179	16588.88076	30676.82103	21670.07549	13874.34772	16106.8208	16790.07818	17995.40843	16333.44588	16832.86241	15074.08605	16007.80602	16175.02856	15464.39336	15103.87908	16242.9132	15239.28293	16077.47459	16502.17016	15714.32927	14908.26186
ID46	Dihomo-gamma-linolenic acid	114.3400209	68.13662572	44.02791077	60.62414604	41.83886717	28.66346146	114.6738151	157.5776845	119.4115755	61.84090629	238.6665129	197.5099814	208.8552623	147.5179709	161.854494	190.0613092	126.5991059	115.6023573	119.7492917	105.2580313	101.5876579	77.95164196	75.4861281	94.62078874	100.4629943	113.744745	96.80914421	84.43392189	88.20635098
ID47	Caftaric acid	7.937426103	12.64560783	8.677824757	15.02214127	10.36035166	5.286417933	121.7889653	159.1906594	215.0475371	126.7196454	282.1992325	205.8655357	97.95190903	88.01796735	65.10670196	75.30131515	93.85067298	90.39894439	104.2025053	90.95064049	100.1378474	98.34688988	86.31581721	80.75667299	102.5788211	91.35685168	103.5877362	95.80376492	97.52429054
ID48	Nepetin	1717.694337	2653.267489	1507.490123	1281.571237	1847.180051	2956.256016	309.1857312	439.6368152	460.3322472	548.3665601	453.2196186	275.6045703	2559.041214	4033.259339	1820.853899	5873.152362	3920.058172	3014.796212	1167.74203	1202.503985	1357.096324	1178.194587	1148.919546	1230.656616	1233.560485	1267.624949	1263.268184	1258.456627	1324.456648
ID49	Myricetin	12.05879049	12.13809453	4.222403778	21.93099754	52.61887993	3.560113733	72.58797509	77.75225955	64.52273914	75.78681161	79.5424829	64.56603793	432.602926	356.4545585	216.7010951	261.9095658	247.6899998	356.2734076	71.6901213	86.09600943	97.7787687	72.2188704	91.24095158	100.256218	98.58683121	97.87007078	92.02091537	102.5896673	97.54317314
ID50	Cirsilineol	251.7764299	146.0150578	81.96460387	228.5436092	92.52315193	79.88025299	3.193995349	3.003188134	2.717770093	3.013044099	2.103682773	2.892272863	6.75325736	9.013945969	6.714814125	7.0642217	6.017377057	9.683700449	63.36998834	56.19380605	53.08946474	67.76948143	62.9741841	50.20643512	56.49888594	55.75518431	48.96923205	52.89031798	53.85486523
ID51	Triptolide	121.8802784	152.4294958	75.3299525	114.0663793	110.0891825	31.68658594	309.5184101	334.2905803	290.2679652	258.4578033	254.7818468	251.0097032	294.394219	328.8225158	288.0815265	256.048826	273.2556402	286.7475655	230.7560224	215.5132873	210.2860785	229.2009417	224.9852606	223.9893679	216.485239	217.0833134	190.4551364	242.8685101	208.4350213
ID52	DIHYDROSAMIDIN	42.14749001	130.8310111	68.05380431	39.57186126	98.9316664	118.8481345	247.7570108	261.6014375	321.3130542	261.8923861	346.3125356	215.7371064	172.1539326	269.0197234	185.9263509	404.1827417	218.0275532	293.123234	159.2037738	162.6204058	223.3398787	163.1099959	205.7692345	196.6475821	156.4695115	133.9888538	155.8630342	160.2984012	131.2095926
ID53	Rehmaionoside C	1115.035646	634.0317386	214.8446328	374.0580937	276.1412026	130.0891361	489.3247494	543.2844141	417.1770879	282.4533713	618.8841428	769.4726236	2693.499201	2589.244882	3120.598041	3453.181395	3106.537705	2249.398238	746.5572413	700.0234985	630.492334	684.5455295	973.3272592	999.29621	999.5463039	989.8665755	750.4039169	942.0284982	639.4564262
ID54	Rehmaionoside C	43.56151308	7.364908412	12.98839379	123.4453646	16.88257855	19.54161233	299.0620988	318.6011156	384.8303641	226.8272989	586.839371	711.3190595	19.96864928	147.4842774	99.95525524	72.39928738	1240.717216	24.04845197	41.24361542	262.7351232	49.83079606	398.4264832	25.32172437	229.6884885	15.23850893	36.0661702	47.0635497	22.47787616	35.15526304
ID55	gamma-Mangostin	28.79684372	34.34629942	26.37939853	16.09060509	41.56777474	56.87526929	114.7389893	186.3029328	126.6594376	117.7907515	156.2105241	117.4025704	64.68974737	75.13024964	56.50032213	66.22701778	30.98463861	65.2324028	88.54182508	60.78302538	71.36381728	68.60279102	84.46948557	61.00778187	84.10614656	86.64941095	86.36550452	81.95923892	94.33977305
ID56	Lupenone	19.88539954	50.53824501	16.03088321	10.96494848	18.03418891	39.25652225	4.958786981	5.90323647	5.313849543	4.081622189	12.67864441	8.53521675	17.94091417	16.26147267	9.389782623	22.09868361	21.70339493	10.82758987	6.068114503	18.09581928	12.58956265	11.12904862	28.65029215	9.351511101	14.7777344	3.409320355	18.01316015	11.10354903	17.65739101
ID57	Graminiliatrin	27.28824957	38.6410746	20.99258572	19.25713726	18.78425118	45.00408287	36.13414104	69.5550656	38.01354622	50.92036661	70.05018316	55.70992115	70.81474813	77.39868222	69.03904193	91.51410558	74.62659458	59.77908063	38.29379514	34.18974324	47.30338177	38.89667218	40.7184962	37.50956808	42.36069431	36.63558861	30.22974448	41.58513985	39.94463782
ID58	Oleanolic acid	4771.659541	5434.233638	4302.713373	4793.925236	5479.910697	7343.71756	4507.067088	3810.472883	4090.19296	3997.197085	4016.089982	4132.536245	2578.565097	4606.492475	4677.265786	5437.802785	4276.334624	4304.669086	4375.473248	4232.047294	4486.746334	4372.965661	4151.112469	4280.628454	5210.906552	5437.099002	5267.535012	4814.396323	4937.000391
ID59	18-β-Glycyrrhetinic acid	1019.424859	571.8257595	286.299035	704.3224041	429.0226719	399.6753318	588.9206112	544.4022692	474.3098021	208.0208019	1215.216311	732.201455	899.3738721	1000.258771	793.774916	1312.304383	907.0960206	718.5868463	742.9645962	655.5339061	711.1864411	664.2855075	602.6108806	589.0978053	624.4263176	686.2589151	624.5558522	627.7278653	696.4510884
ID60	Aurantio-obtusin beta-D-glucoside	171.2992788	114.3308939	44.31343438	134.4895108	51.23537312	53.89614065	2.039214215	1.917392877	1.735167024	1.884533373	1.33581331	1.846578748	1.584584288	22.12396078	1.81974805	15.98503823	1.722731623	1.719764765	42.46656927	38.32283131	42.40934206	41.07305291	42.86432283	41.70917101	23.39110432	41.76268631	44.08208349	35.44402483	31.98970378
ID61	11-Deoxocucurbitacin I	38.26274932	94.75794951	66.74021611	29.8957617	43.88227077	160.5855718	5.785189588	4.857570972	4.586315659	5.09879457	3.591402182	5.17079084	27.04000924	19.47136183	22.38424254	20.5537769	14.60323681	14.36857862	23.52753292	22.11686653	27.5709988	17.13656398	20.45620086	18.89270087	19.82958216	24.82187086	15.89946378	25.50260045	25.27790328
ID62	Pheophorbide A	603.1807802	6369.061439	2368.221274	1494.131276	3203.330518	4250.326185	627.292171	662.6758701	509.9131169	1936.912516	1236.743587	1028.536664	256.124455	419.5068305	114.8343182	318.2796837	138.1340491	165.4540051	1510.1803	1128.119991	1127.82127	1241.024236	1175.127016	1575.198198	1439.275349	1189.966472	1274.435811	1420.493602	1185.30128
ID63	Amaroswerin	19.43892666	13.48746423	14.90580326	19.90780052	9.706311972	8.067276199	27.74679759	29.2378706	20.46955713	6.277054387	17.66623046	31.33170024	25.12206289	20.34309319	34.45573246	55.91591633	38.74163598	21.61799691	22.28398785	24.28690064	29.50008426	21.51076217	17.12507735	13.77845855	21.36838801	28.57654306	17.68077582	15.05015435	28.39559811
ID64	Choline	1834.853419	4617.304108	3536.550981	2538.429371	3451.215455	6210.606064	6243.456776	2758.294404	2911.06471	3306.689543	2809.09534	7103.678671	1379.247066	2967.720715	2593.722343	3353.07743	1675.301166	1864.660468	3759.578048	3312.674747	2692.18622	2154.842804	3389.495881	3321.436579	2254.904504	2465.497562	3376.124185	4071.799051	2354.449204
ID65	Adenine	753.4523094	1429.525439	1139.920084	1032.4371	1865.469093	1758.787906	899.346057	1529.610048	1731.277765	1750.600875	1590.066656	803.0086016	766.2611538	1400.664316	1071.582333	1194.941468	963.4776297	1166.799361	1652.351678	1474.816605	752.0309975	1001.918573	1568.524705	1542.644595	909.1451569	945.4832158	848.8117794	1357.241034	948.5140913
ID66	Kaempferol	862.6734194	935.4997019	889.6680387	748.0347876	1009.885548	3759.885692	4469.037183	1645.209607	1428.232538	2320.805311	1673.077861	1457.933798	1193.166342	1251.070202	930.0687633	1447.749296	1147.359797	1056.534396	3664.035897	1050.314237	2813.663615	3458.717639	1139.555783	2158.562186	1252.966486	1196.756631	3006.060236	2587.872523	1221.105063
ID67	Benzyladenine	29.75734754	86.30696884	54.23874949	47.67256149	78.50448031	157.1026365	40.58546415	51.58841556	38.81216042	176.9450329	45.8081419	49.3699484	78.56408687	137.7711316	102.1754246	63.48211704	49.33188821	72.59303386	48.86948727	55.90287369	47.24455054	54.73999656	46.32504677	50.07360799	56.24204002	46.37005372	57.52024407	52.48196994	58.58366332
ID68	Oleamide	787.2749242	285.6720043	305.3285238	282.3018112	449.2558722	204.2949785	291.7561991	610.2171436	76.47575923	212.3251097	292.6561972	260.176233	367.8173612	360.396193	1412.111805	305.4579698	263.3585158	586.409141	309.3818789	309.4156054	340.652613	332.8290636	389.3023571	283.6079524	338.7482398	347.9460979	316.5490078	276.8525408	277.8049558
ID69	Betulin	940.2207186	805.9126181	627.5195481	709.7288722	687.6729032	738.1375414	581.2109501	652.3735941	750.1597235	403.4976577	1334.490592	744.6528033	843.795293	894.4975437	571.5248654	1138.807022	696.5545495	649.3315324	638.2318378	771.3924733	673.6056694	705.4651635	732.190254	720.060905	606.511548	720.8325876	735.8454331	651.6017313	636.2095015
ID70	sphinganine	8.932495766	62.93561473	11.66660063	6.970301619	13.42263376	57.36019212	12.83141905	5.305677018	7.641579227	10.70119803	11.28656417	6.808945115	8.550941495	24.88085022	5.387158751	22.11549994	12.87521334	17.7810993	12.28640739	9.875521771	12.27517451	13.15820325	12.42943256	10.32919574	12.36005713	10.9109782	9.347361032	7.166173863	12.3853051
ID71	p-cymene	72.92474813	104.4186397	56.50898561	44.10311118	33.56072196	18.77332727	43.94883162	24.58399708	39.0698283	29.16014227	33.10648467	125.7687621	65.01957243	15.59434874	62.69832958	65.29143409	11.28279259	43.54703442	25.52491643	33.70119124	17.88636825	36.42458298	27.55067689	18.32994194	25.01603688	21.36134397	38.141065	44.27922908	26.5462208
ID72	Xylitol	761.625059	117.4015216	203.8825739	561.6164712	107.0727323	107.2369591	960.2517754	97.42630144	89.3335193	263.4401586	100.2045161	896.0859435	106.271922	89.82895059	698.2981733	65.16491007	129.6819405	850.2333549	965.6738628	162.6720876	134.1596511	880.6209249	925.8898739	1080.41257	164.3002785	127.7242189	105.4378059	841.1928081	878.2396973
ID73	2,3,4-Trimethoxybenzoic acid	18.44288611	75.75269161	110.8310234	68.753476	92.46480429	53.28234517	54.25978801	86.25673333	69.84983483	82.20917352	96.73332921	42.42550831	78.52758881	262.8633983	41.0880307	214.3884905	70.34181297	146.4170717	46.44350877	55.27379575	50.05199897	55.88464035	64.43749394	50.93256125	57.03863404	58.14371879	47.93411722	57.81516677	52.80983492
ID74	Stearidonic acid	234.7391331	762.4140284	429.0649704	250.9685217	433.117052	597.7203799	437.1723978	440.252764	419.6350722	333.1092055	779.9100262	405.841126	299.7896102	456.8489633	265.8172499	476.3937092	281.7233366	183.3079654	355.7220512	336.7655237	384.7480069	290.4835284	352.2204824	384.2631977	350.5870857	375.4564791	366.1832304	334.9071213	339.1531625
ID75	Artemisinin	5.43774059	51.35830561	13.35194717	2.442091448	17.80859785	11.36681374	3.110162334	5.105925362	4.209229969	5.466589419	2.090259327	2.665667933	9.197906313	5.479640389	9.640670644	34.33511233	2.609431696	6.83565227	4.960762656	5.261629086	6.576532114	2.569660376	4.641982729	5.797040538	2.711838231	5.408747614	5.282598554	6.824662821	5.33584284
ID76	Phloionolic acid	74.17623865	71.54049239	57.69422997	47.20323175	44.47766889	80.20138561	36.82632307	34.55174481	41.33516057	28.35064767	86.17043441	26.38324248	63.06235895	92.85896726	40.92179281	111.5424725	34.96120665	62.59191011	56.03791624	48.48334711	49.6569197	51.7687314	50.32060835	38.89076597	40.90710466	42.05081965	47.37973486	40.78753468	44.08323718
ID77	Eupatilin	137.7545185	21.28000897	3.713637653	45.81439978	15.92161083	13.15655136	3.951528468	3.430904773	3.278315636	3.585947892	2.54104657	3.442121109	3.925990309	3.318832418	3.489858282	5.276119302	3.221984274	3.286009078	23.91786561	28.73208283	27.30412233	23.48073066	13.1427184	22.00540105	17.12424355	20.50430563	17.63551096	24.31755218	22.90320236
ID78	Curcumin	38.93920738	194.6321746	94.30755885	25.74852341	48.98047532	81.29713026	72.95384891	44.84003592	51.51120906	54.86716179	59.42081948	62.03354273	70.51781326	78.59827585	60.98891829	300.9420259	57.87002925	66.24748773	60.38662936	48.81813955	63.99838104	50.84128275	38.56879721	59.66921587	74.23165134	59.16094081	54.77071576	47.17969703	42.19222444
ID79	Stigmatellin Y	2891.151333	5272.116656	2152.914251	4430.710696	3861.026568	6950.245302	5807.473105	1932.648497	3143.564664	3687.370915	4983.355688	2188.283268	3684.960853	5991.989752	5631.728043	5471.510842	5619.719579	3928.498577	6033.484624	7044.378093	4374.649129	5824.692188	5031.034358	7066.937027	6953.346322	6455.734487	6069.385667	6891.011616	5408.483944
ID80	Phenol	135.2793807	112.1864913	340.9978933	192.3275499	269.3190471	276.4819289	104.8043397	143.1704554	184.8351411	194.7575029	80.02161113	103.9011319	114.4905648	115.7976446	89.48816105	79.78709421	211.9833807	205.6718098	182.7212273	195.688183	223.4870524	212.1646601	180.1103799	188.213421	215.4533092	253.4500126	189.0191386	193.4701649	166.8621667
ID81	2-Furoic acid	47.11208698	145.1157394	43.06168844	41.67683356	40.87650277	94.69650112	87.28186799	33.43638783	47.10053592	30.16919195	72.03683448	29.90549095	76.520906	89.07085867	70.22418083	75.41638635	44.10622821	47.19204002	51.65200881	57.10115971	42.72794951	45.16352524	35.32300417	36.65106792	109.4621354	48.91534689	50.9056966	44.15908515	53.10456184
ID82	Levulinic acid	200.0220676	85.1899451	181.9568126	168.6495308	98.54217895	49.40364281	125.9909323	151.4132449	183.5515873	131.1412484	187.8464059	277.2615602	205.6517901	120.7665813	223.8252194	142.5415811	177.5274305	194.4751859	180.4462104	145.9373227	195.0366776	194.6707295	166.7756213	154.6024793	156.9467655	177.2222494	132.2942261	163.9652786	144.9817802
ID83	gamma-Aminobutyric acid	495.3823089	767.8171042	868.7567971	399.4727663	424.6039858	699.0197539	371.5386115	346.9745544	349.9981873	443.4045598	587.2703374	532.255761	462.2763844	339.3606922	276.0874331	197.641311	291.5816259	304.1359072	447.9304419	431.0916275	522.8577383	696.1694656	414.0292285	367.1578536	501.0278917	538.9513157	397.4090291	354.9452282	486.7806049
ID84	Proline	141.3210629	236.330422	191.0006332	122.0259941	153.3381896	137.1992435	67.59998918	60.08414109	79.93426978	111.5659991	100.0695338	100.5697003	65.48393002	94.06170795	96.8671398	94.78721084	104.3332957	88.6314395	107.548593	112.6547392	121.3585171	111.1367526	109.4795659	101.2526201	104.7183056	134.8687112	522.2544614	112.2091274	113.4908052
ID85	L-(-)-Threonine	77.87761716	142.7575925	206.2784456	87.64291854	187.1704506	178.0660124	121.68275	142.9490508	103.4754904	136.0155288	146.8281705	120.9714889	59.72924841	75.27907993	63.3315637	87.45365007	75.91449497	85.45367185	108.0517716	111.9598754	117.8657476	94.16435151	124.5689741	112.4656568	117.0674685	130.0971452	206.6745696	109.8905345	112.5233882
ID86	Niacin	36.73132727	77.00090642	104.4731899	22.01096949	82.82850271	166.0494304	57.90074398	49.71199987	54.99899126	38.61156776	69.99785044	43.88330328	17.84819209	18.41050564	17.2328572	19.73188048	17.31341752	26.18332713	43.26577592	34.77355196	46.72876936	36.06132981	32.95817942	40.91514342	39.87798662	37.65671378	56.56403001	28.01112119	43.83202239
ID87	L-Pyroglutamic acid	247.8842401	425.6373247	387.5165992	212.9304614	463.4460694	360.312984	214.8820061	267.0465112	295.153874	224.1301301	262.9320849	264.9212947	172.2345082	158.566905	193.8055904	198.3398024	142.3293325	146.4615657	269.9362418	234.0521176	295.1830826	281.8691716	257.978347	234.7688146	301.9265857	270.3465217	296.7076559	256.578456	237.8885472
ID88	L-(-)-Asparagine	237.6282179	172.4525304	210.382359	200.7617451	123.3346496	568.1029712	45.19469047	85.82927789	91.79692126	84.70071135	107.2434161	39.90163614	63.7398626	56.43090732	68.10979998	66.71512757	83.87835124	69.49669485	128.7618228	114.2300986	121.2274293	101.2033762	139.9761327	109.2182961	123.3182206	122.3810937	139.5225886	106.4541393	138.4442334
ID89	DL-Stachydrine	5924.358255	338.6659923	237.0736021	3301.511362	504.1183116	303.5378733	125.3608907	73.54374516	78.5852644	90.34651693	205.8129965	104.199854	667.1114127	460.8727945	287.143811	708.8435934	233.8254777	593.0501157	1037.49842	986.7257424	1101.6848	1215.545356	950.2528781	1037.378108	1161.984545	1045.337833	1197.477989	915.940589	1134.782496
ID90	L-Glutamic acid	632.3238058	2268.541225	3183.811707	1193.266173	3534.659252	2712.288209	1365.355773	1471.063331	995.7807855	1151.866229	1316.712319	1262.243706	487.2400799	622.5392902	519.5695219	749.0111368	538.3874915	781.9292496	1485.899021	1313.335265	1537.411702	1370.106806	1475.514297	1188.724309	1436.142361	1517.735041	1536.593379	1303.180253	1436.241891
ID91	.alpha.-Aminoadipic acid	12.91489579	24.654668	17.19668973	6.236743999	10.55366945	24.26321084	4.124081038	5.85289291	5.986756804	6.969950689	16.83737692	5.55923438	75.65175574	74.93615167	36.49767812	87.09309764	44.79457929	46.60406128	15.06749539	11.31135449	16.63499654	17.54448559	22.03071568	13.63285793	12.09756043	16.76269296	10.21068	14.77111114	22.57287915
ID92	7-Hydroxycoumarine	65.85223839	108.7582653	190.2882072	45.49783694	176.5490397	181.8366753	56.80744261	60.11117783	81.17907074	56.64366059	94.9268969	66.43769497	28.50374856	10.57511258	30.05242895	25.56968556	29.79128861	31.16104541	79.30128815	88.12574248	92.13412998	91.64285561	68.47002957	72.2959873	71.64830387	71.17613888	78.71751421	64.53098435	66.33135559
ID93	4-Coumaric acid	474.9915212	2586.735465	3596.109065	552.5054312	2211.247256	4522.27954	2755.192413	3012.680305	2783.441344	2638.015865	2806.439204	2172.717351	721.5493381	1046.874745	563.2661097	948.1174743	666.0950042	741.3127842	1784.807013	1836.011888	1744.663763	1752.028733	1784.029179	2144.988563	1879.400312	1710.74972	1843.844473	1866.625587	1781.99401
ID94	4-Coumaric acid	507.1489272	989.5577131	1097.405169	389.254158	685.1901944	1238.447382	404.6412743	515.5310455	480.7696224	406.098973	463.1059184	395.6436988	177.7965672	160.1072102	208.0966091	160.459862	197.4401764	183.463378	351.6376842	494.3973022	511.139614	491.9103369	345.1950327	462.2619332	520.8548707	483.6406565	476.5475473	308.6672023	486.435183
ID95	DL-Arginine	409.5845002	395.5613266	630.5999948	1180.466859	330.6727575	1102.644385	563.5750577	2120.273162	2046.451175	3421.107263	2239.438924	1414.625123	199.3538106	185.1820008	143.1387558	130.1205517	149.4010127	156.1120629	873.1515441	935.2016666	1051.683007	947.6842511	851.08253	940.6178971	882.7910796	932.3831791	1199.889589	971.082961	933.8963446
ID96	Vitamin C	68.08998526	15.87680865	37.42229007	86.14871625	43.78917756	19.56105371	74.14834596	73.13461214	79.87683056	54.38193773	86.32475987	135.9250858	113.4297212	56.69594826	69.40928061	32.62253583	74.47491766	98.36187115	59.99851312	58.17620418	82.14103202	69.40454877	93.29529299	75.99705304	85.45440875	76.26935509	51.58663273	70.10223816	83.6048661
ID97	trans-3-Indoleacrylic acid	64.30597191	1219.053495	1940.909486	74.18065999	1668.251861	1416.622476	65.40805961	132.9549322	108.7476529	606.7463241	128.099964	102.3298831	30.86619367	46.19619874	33.12268144	51.74539656	28.47744785	35.54338327	261.5891943	262.517834	246.4021091	228.3034047	305.5352509	391.1380073	279.7241357	305.1313356	438.5156163	410.9740013	278.1212202
ID98	n-Propyl GalIate	28.76992459	137.5470627	201.0807351	28.22711112	128.2652829	305.7451209	80.80264837	82.64374348	81.28903184	123.9540404	101.4402148	51.82622906	113.9642128	162.9613301	100.8431966	129.0477983	133.5204515	116.0875985	101.0872107	90.87313691	105.4910433	76.85210117	80.22901777	88.90950555	103.2942268	82.79870671	111.4533125	92.20289631	90.05203879
ID99	D-PANTOTHENIC ACID	161.4984095	229.4969814	163.9608076	121.8870379	159.2697904	426.0175339	29.82315413	16.82756628	28.24426039	24.46679247	45.95680094	20.99792839	24.76446536	24.60304717	28.89397717	37.79252596	27.08964831	16.12091416	75.43685633	69.23563676	72.75648662	67.44063083	59.91194788	67.74348853	61.3715916	80.33003818	103.1913271	60.15235991	63.66412711
ID100	trans-resveratrol	7.657696571	12.73301811	12.50464112	7.123453805	14.49898503	99.78337242	52.06359625	53.21547869	58.60154921	79.83793906	46.20779352	58.8018792	74.32839523	92.26066611	61.90800993	128.297433	235.8373224	76.41508029	38.53020259	39.12269208	37.59481269	44.55034481	39.36191984	39.72685317	46.02425884	32.8392206	37.44428834	32.01187455	42.67741508
ID101	Vitamin A	5.062635509	4.321265602	7.414126939	6.351915202	6.439243057	6.105984302	7.764418502	6.888988058	6.316591757	6.946731451	4.975195257	6.593108862	161.0030331	188.5451633	106.4824845	229.0310087	90.20734652	135.6583223	18.44648986	25.20680678	27.08892645	21.95835241	20.31913113	19.8391662	20.38369401	21.14277984	22.02134392	26.87772504	22.0021123
ID102	(+)-Fustin	793.4467172	911.2147796	517.9567921	1009.272959	582.0101472	434.7710218	2179.556087	1922.170168	2282.79536	3068.515731	2100.490315	1917.969883	2616.100544	1514.895864	1813.939225	1242.051161	1914.24371	2019.355253	2213.946036	1655.262895	1612.380946	1758.466819	1729.143443	1333.91656	1713.678548	2004.874079	2266.669766	1706.649639	1865.570562
ID103	D-Sphingosine	78.52865968	1008.065472	436.8063578	178.4585764	510.6332278	937.9153471	33.3039665	28.67391628	41.45561383	55.23096639	47.36302039	28.28458127	82.58078969	254.4774046	49.61207836	278.8162762	76.53596744	137.4618817	203.507742	193.0094804	187.3423234	186.3524016	175.2225095	164.8683748	193.0083191	170.2946577	194.830768	187.8921304	181.5236427
ID104	2-Amino-1,3,4-octadecanetriol	162.6577554	994.7672479	414.9083187	222.7651011	509.823053	868.0430568	102.3440841	85.25569769	99.32041697	112.661291	126.2074054	81.79248048	212.2933441	419.7286933	193.9272567	538.5428745	201.9095814	248.9720024	249.7997276	233.0417242	218.0175281	234.5674552	230.586824	221.7193093	254.0143362	249.805444	251.835164	214.5657828	216.5400332
ID105	(+)-Gibberellic acid	33.87670077	49.27995076	18.9578837	35.93630754	27.07397991	58.85524524	10.20376963	8.882947519	10.5365508	9.720013284	19.83687077	9.889396162	58.51452927	74.1960113	30.3704747	86.28969429	67.77706884	54.36905535	28.50235434	30.13268173	23.73239157	30.48579623	29.42864303	30.16109895	26.53075723	22.06008639	17.30903315	26.65315182	24.31160475
ID106	e-Tokoferol	125.1357123	132.8932103	28.69930161	83.10284587	97.39291352	37.96488156	20.10856104	9.741034732	12.8044934	18.75150221	48.73665328	22.23166986	66.62513258	150.5773296	43.15895985	166.3925336	67.96087507	67.76130147	54.63815084	49.8016808	61.38183421	61.56782746	38.87114301	42.50701869	31.76300444	40.48102536	51.75791401	46.30389744	56.26508841
ID107	Juglalin	415.0667532	524.7300578	563.4779018	561.1657472	517.9335798	811.1731288	789.6150722	648.7099974	542.2946047	544.9148656	762.617122	449.7958584	458.0106682	380.3776572	471.8690448	352.255216	588.2575444	486.974495	598.082685	428.2263854	345.7870243	636.0668016	573.2352485	591.1957053	453.4543844	701.9995412	611.0096422	532.6813547	422.7237425
ID108	delta-amyrin	50.09064436	161.6451764	65.7768379	50.25607695	98.84943871	126.4787566	20.89450001	47.94579117	28.95778133	56.01182166	51.89388947	70.0050625	62.49959797	48.12677241	42.22685797	144.8382905	78.59269281	42.82730817	72.29798056	78.7177995	42.51557384	47.82415134	31.29573068	65.63381158	79.26425262	117.0229671	175.5788818	210.5483289	77.97717768
ID109	citraurin	21.78271478	8.89133098	4.345739055	15.71786234	2.765252363	2.609947974	3.290266498	2.969115367	2.708267208	3.189647428	3.06488289	17.99692248	45.18828083	16.51038468	33.42340512	44.00748979	34.71094045	17.50947195	14.74979181	7.463349166	10.08832811	16.81630236	20.26920919	14.01838616	16.55657068	12.8491399	17.56107663	11.06257077	17.90597871
ID110	citraurin	168.7647815	62.07937407	45.37894617	114.3273107	41.31267266	42.09356884	23.54346423	10.74978894	18.36670878	15.57137327	18.07839562	31.00819098	70.44859024	36.40706043	60.64425985	52.16118821	51.11203106	50.31836786	42.147049	37.79242663	40.85308371	59.11453179	58.76331173	68.77545274	52.40998176	33.87661378	37.48126847	66.36849806	57.18445491
ID111	Quercetin-3β-D-glucoside	2148.662938	2529.304227	3810.537304	1896.623439	3414.895959	3185.639213	7897.232323	8287.39319	7291.00158	6288.897845	5386.56066	7523.472279	4652.126228	5241.427569	6109.571548	3686.988154	5652.077089	5869.390354	5420.102706	6070.140253	6091.444219	5392.972219	5648.049635	5811.803118	5817.771232	5807.693053	5638.235665	5735.370642	5462.889898
ID112	Procyanidin A2	129.4035742	120.8055874	94.40256128	143.63684	97.70206167	71.60509439	360.8633208	312.7884415	339.4859925	377.7709652	375.4174148	353.3159948	296.3494091	258.9916977	253.8850839	190.542675	273.9067997	322.1627401	262.574747	251.1902413	272.3731249	320.4026955	262.356134	255.9256769	280.1453129	256.53542	256.0424376	260.332991	257.4842786
ID113	Pyrogallol	92.61988444	120.686932	76.91706505	44.2022353	75.186556	210.9977085	73.09925581	67.99092277	90.76796934	83.56126461	247.1838429	70.88165274	124.1968985	108.6455305	88.90122694	129.6585192	84.27508862	102.2647222	122.8093467	60.1612858	75.20798551	196.8529352	64.85727188	92.38026455	65.38676241	74.37584642	68.74257081	94.12342284	209.9021936
ID114	Hexadecanamide	1011.443364	739.1747936	766.028219	509.8626152	813.9451535	1243.355249	861.571568	556.8430164	670.3943676	953.21697	1140.369663	550.572279	960.9583116	1231.690347	1005.197942	1448.256778	757.0506472	639.0232031	935.6023118	836.2450748	1008.978485	1080.767068	833.7672109	870.0470444	615.1588551	875.9160977	855.5125258	787.1633988	781.3940935
ID115	Erucamide	453.6370474	328.6661146	209.7334865	159.6041935	291.9370075	691.2617692	204.6658223	107.7020661	327.6385352	896.6821997	133.3186735	147.1903188	155.1985386	155.796023	196.9884197	1104.3674	154.9985477	1529.405147	486.7145095	168.9037768	146.0335224	718.9564324	449.4458716	108.7800688	260.013128	159.4148888	190.91162	166.6466703	494.9349638
ID116	4-Methoxychalcone	11.91525894	5.510813354	14.40729763	16.34721107	8.208152459	9.580744272	44.57391399	11.37039074	13.10119966	11.86885766	6.445251869	19.64187784	7.473245568	18.64656297	42.5176104	5.46202112	38.90838086	15.80469363	13.29913005	12.62745911	29.74736449	20.51322049	11.41307165	34.4183657	15.66080911	29.55284186	958.6949571	17.10861589	14.72048556
ID117	ODA	12.82644578	24.1958222	8.1219745	6.642939887	8.134519416	51.83073475	15.92510901	10.82663684	13.49726926	11.515929	17.6157355	11.68530871	5.302852806	15.14158071	10.83130989	37.73741099	13.3875661	31.08269525	6.906370519	8.628890687	10.26785648	10.21778415	11.78272301	8.194568708	19.04890403	21.99079608	13.14656073	10.13514321	12.43878984
ID118	phosphoglycolate	7247.92624	3694.329038	9115.064779	7585.545886	8050.813173	7021.86249	6735.401736	7615.426262	7690.714527	5745.907074	4795.398615	6371.740086	6131.042495	6039.991669	3380.692707	4731.305395	6006.083939	4879.232511	6088.124948	7103.851036	7340.702738	5853.799599	8741.735728	8615.979982	7175.653796	4619.388021	5920.250258	5333.904377	5636.824503
ID119	D-Ribulose 5-phosphate	6.545034165	51.32479831	29.53358966	2.2558493	35.6563758	123.4681513	2.808078877	2.428138391	2.199347043	6.481909795	1.769584403	2.440090526	2.045526887	4.345327681	2.429265572	4.664768586	4.163396743	4.087663014	2.088064488	8.801939475	2.123960172	6.744517695	5.582606684	6.232580236	5.758914015	7.210226897	4.52233728	4.678559011	7.402632241
ID120	1-Hexadecanoylpyrrolidine	192.4642252	108.1971361	199.4149999	112.4368109	145.3429377	172.4684524	115.1993738	107.4919074	119.1495562	538.1921382	96.1110761	99.33311481	146.0139983	120.6797502	139.8886037	547.0821244	86.97264882	163.3219269	171.254147	114.6116667	135.9626699	187.4403843	154.692204	142.3347729	137.7893067	153.7225449	160.5172931	149.0023476	122.1947906
ID121	L-(-)-Serine	1036.099411	565.2062988	641.1521027	896.4134417	659.5706399	532.3034936	1044.771678	418.981053	529.766022	725.1706852	463.5165732	556.9163424	673.1946774	455.0117405	1254.139818	329.2005996	671.0316834	537.0385965	798.6076381	667.3398148	653.2565667	618.3800784	727.6229205	670.9789301	593.2544475	633.6766692	706.3922542	808.8823909	513.6690487
ID122	(+)-castanospermine	41.0956234	23.94856238	51.6112202	36.53165116	39.53661711	52.17129187	59.28908328	40.81318326	31.29611436	57.77730292	32.66522226	30.3930538	40.74724943	32.25041559	52.81932678	30.73737428	39.26956674	40.84426578	41.12910505	37.79189395	36.49295002	32.33701087	33.01806246	37.81177079	42.4516781	40.05979343	43.65753987	45.21717621	43.99256295
ID123	DL-o-Chlorophenylalanine	7243.377903	10238.74762	12917.1385	7948.750896	11570.11901	16806.52691	8396.344459	10722.34889	10889.88368	11019.25997	10986.93909	5815.004909	8916.630478	11357.9392	10123.12477	9839.685762	8794.254737	9921.124694	8850.007135	9027.009536	9738.055153	9102.231259	8932.823596	9683.161339	9339.393628	8516.576542	9009.427239	8234.411621	8794.954991
