target	str	A01	A02	A03	A04	A05	A06	A07	A08	A09
CtC105_	TCCA(3)						1			
CtC105_	TCCA(4)						1			
CtC105_	TCCA(5)	2	1		1		4	3	1	2
CtC105_	TCCA(6)	2	1	2	2	2	3		1	2
CtC105_	TCCA(7)	7	5	5	4	6	5	11	1	4
CtC105_	TCCA(8)	7	3	5	13	3	9	12	3	8
CtC105_	TCCA(9)	13	11	24	13	10	11	6	4	19
CtC105_	TCCA(10)	27	11	27	17	20	10	17	7	12
CtC105_	TCCA(11)	30	20	18	10	18	34	39	10	14
CtC105_	TCCA(12)	28	60	18	8	12	22	31	38	15
CtC105_	TCCA(13)	26	27	26	17	12	25	36	15	23
CtC105_	TCCA(14)	22	164	9	9	17	21	34	83	12
CtC105_	TCCA(15)	27	7	27	12	12	23	24	8	24
CtC105_	TCCA(16)	32	10	26	41	23	27	31	7	12
CtC105_	TCCA(17)	34	7	29	232	28	31	30	5	22
CtC105_	TCCA(18)	88	17	128	10	45	71	48	4	54
CtC105_	TCCA(19)	367	54	611	8	232	276	61	8	191
CtC105_	TCCA(20)	25	191	4	6	32	26	182	27	36
CtC105_	TCCA(21)	45	5		7	130	49	743	93	142
CtC105_	TCCA(22)	193	1	1	20	1	160	10	3	4
CtC105_	TCCA(23)	4	1		59		4	1	1	
CtC105_	TCCA(24)	1							1	1
CtC105_	TCCA(25)	1	1	1	1					
CtC105_	TCCA(26)		5					1	1	
CtC105_	TCCA(27)		1						1	
M4-6-1_	AATC(1)	1		3				1	1	
M4-6-1_	AATC(2)	61		63	28		1	87	73	76
M4-6-1_	AATC(3)	65	32	113	41	2	8	107	56	90
M4-6-1_	AATC(4)	2422	87	5054	2493	8	170	4298	3589	4419
M4-6-1_	AATC(5)	42	22	3	38	31	157	67	51	
M4-6-1_	AATC(6)	43	50		38	42	165	101	55	1
M4-6-1_	AATC(7)	38	1614		69	24	271	122	93	3
M4-6-1_	AATC(8)	85	10	3	2188	31	8330	2741	2501	6
M4-6-1_	AATC(9)	1680	2	2	2	71	14	21	8	
M4-6-1_	AATC(10)	6	6		5	1592	5	3	4	
M4-6-1_	AATC(11)					8				
M4-6-7_	GTGA(1)	2			2		1			
M4-6-7_	GTGA(2)	1	2		9		1		2	
M4-6-7_	GTGA(3)	1	1	1	9	2	3	2	2	
M4-6-7_	GTGA(4)	10	6	15	17	3	10	11	10	7
M4-6-7_	GTGA(5)	15	19	101	26	27	30	19	15	81
M4-6-7_	GTGA(6)	88	84	96	104	92	137	146	118	116
M4-6-7_	GTGA(7)	91	100	106	173	73	148	175	123	152
M4-6-7_	GTGA(8)	107	91	141	169	92	179	188	156	125
M4-6-7_	GTGA(9)	146	87	214	162	153	185	204	151	168
M4-6-7_	GTGA(10)	110	84	215	159	151	210	218	131	260
M4-6-7_	GTGA(11)	141	111	174	184	214	243	274	162	239
M4-6-7_	GTGA(12)	181	194	400	596	565	339	356	314	392
M4-6-7_	GTGA(13)	177	206	1208	3051	527	293	303	285	982
M4-6-7_	GTGA(14)	183	207	7297	139	2200	499	422	313	4884
M4-6-7_	GTGA(15)	267	230	84	97	2475	1511	1084	390	829
M4-6-7_	GTGA(16)	640	251	13	134	85	7798	4273	973	3580
M4-6-7_	GTGA(17)	2384	657	4	376	199	82	3881	4273	48
M4-6-7_	GTGA(18)	410	2361	1	1701	2	6	80	2954	11
M4-6-7_	GTGA(19)	1400	1563	2	27	2	5	16	53	2
M4-6-7_	GTGA(20)	28	44		1	1	4	1	16	3
M4-6-7_	GTGA(21)						1			
M4-6-7_	GTGA(22)								1	
M4-6-7_	GTGA(23)	1								
