target	str	A01	A02	A03	A04	A05	A06	A07	A08	A09
CtC105_	TCCA(3)						0.00123			
CtC105_	TCCA(4)						0.00123			
CtC105_	TCCA(5)	0.00204	0.00166		0.00204		0.00492	0.00227	0.00311	0.00335
CtC105_	TCCA(6)	0.00204	0.00166	0.00208	0.00408	0.00332	0.00369		0.00311	0.00335
CtC105_	TCCA(7)	0.00714	0.00829	0.00520	0.00816	0.00995	0.00615	0.00833	0.00311	0.00670
CtC105_	TCCA(8)	0.00714	0.00498	0.00520	0.02653	0.00498	0.01107	0.00909	0.00932	0.01340
CtC105_	TCCA(9)	0.01325	0.01824	0.02497	0.02653	0.01658	0.01353	0.00455	0.01242	0.03183
CtC105_	TCCA(10)	0.02752	0.01824	0.02810	0.03469	0.03317	0.01230	0.01288	0.02174	0.02010
CtC105_	TCCA(11)	0.03058	0.03317	0.01873	0.02041	0.02985	0.04182	0.02955	0.03106	0.02345
CtC105_	TCCA(12)	0.02854	0.09950	0.01873	0.01633	0.01990	0.02706	0.02348	0.11801	0.02513
CtC105_	TCCA(13)	0.02650	0.04478	0.02706	0.03469	0.01990	0.03075	0.02727	0.04658	0.03853
CtC105_	TCCA(14)	0.02243	0.27197	0.00937	0.01837	0.02819	0.02583	0.02576	0.25776	0.02010
CtC105_	TCCA(15)	0.02752	0.01161	0.02810	0.02449	0.01990	0.02829	0.01818	0.02484	0.04020
CtC105_	TCCA(16)	0.03262	0.01658	0.02706	0.08367	0.03814	0.03321	0.02348	0.02174	0.02010
CtC105_	TCCA(17)	0.03466	0.01161	0.03018	0.47347	0.04643	0.03813	0.02273	0.01553	0.03685
CtC105_	TCCA(18)	0.08970	0.02819	0.13319	0.02041	0.07463	0.08733	0.03636	0.01242	0.09045
CtC105_	TCCA(19)	0.37411	0.08955	0.63580	0.01633	0.38474	0.33948	0.04621	0.02484	0.31993
CtC105_	TCCA(20)	0.02548	0.31675	0.00416	0.01224	0.05307	0.03198	0.13788	0.08385	0.06030
CtC105_	TCCA(21)	0.04587	0.00829		0.01429	0.21559	0.06027	0.56288	0.28882	0.23786
CtC105_	TCCA(22)	0.19674	0.00166	0.00104	0.04082	0.00166	0.19680	0.00758	0.00932	0.00670
CtC105_	TCCA(23)	0.00408	0.00166		0.12041		0.00492	0.00076	0.00311	
CtC105_	TCCA(24)	0.00102							0.00311	0.00168
CtC105_	TCCA(25)	0.00102	0.00166	0.00104	0.00204					
CtC105_	TCCA(26)		0.00829					0.00076	0.00311	
CtC105_	TCCA(27)		0.00166						0.00311	
M4-6-1_	AATC(1)	0.00023		0.00057				0.00013	0.00016	
M4-6-1_	AATC(2)	0.01373		0.01202	0.00571		0.00011	0.01153	0.01135	0.01654
M4-6-1_	AATC(3)	0.01463	0.01755	0.02156	0.00836	0.00111	0.00088	0.01418	0.00871	0.01959
M4-6-1_	AATC(4)	0.54513	0.04772	0.96432	0.50857	0.00442	0.01864	0.56942	0.55808	0.96170
M4-6-1_	AATC(5)	0.00945	0.01207	0.00057	0.00775	0.01714	0.01721	0.00888	0.00793	
M4-6-1_	AATC(6)	0.00968	0.02743		0.00775	0.02322	0.01809	0.01338	0.00855	0.00022
M4-6-1_	AATC(7)	0.00855	0.88535		0.01408	0.01327	0.02971	0.01616	0.01446	0.00065
M4-6-1_	AATC(8)	0.01913	0.00549	0.00057	0.44635	0.01714	0.91328	0.36314	0.38890	0.00131
M4-6-1_	AATC(9)	0.37812	0.00110	0.00038	0.00041	0.03925	0.00153	0.00278	0.00124	
M4-6-1_	AATC(10)	0.00135	0.00329		0.00102	0.88004	0.00055	0.00040	0.00062	
M4-6-1_	AATC(11)					0.00442				
M4-6-7_	GTGA(1)	0.00031			0.00028		0.00009			
M4-6-7_	GTGA(2)	0.00016	0.00032		0.00126		0.00009		0.00019	
M4-6-7_	GTGA(3)	0.00016	0.00016	0.00010	0.00126	0.00029	0.00026	0.00017	0.00019	
M4-6-7_	GTGA(4)	0.00157	0.00095	0.00149	0.00238	0.00044	0.00086	0.00094	0.00096	0.00059
M4-6-7_	GTGA(5)	0.00235	0.00302	0.01003	0.00364	0.00393	0.00257	0.00163	0.00144	0.00682
M4-6-7_	GTGA(6)	0.01379	0.01334	0.00953	0.01457	0.01341	0.01172	0.01253	0.01130	0.00977
M4-6-7_	GTGA(7)	0.01426	0.01588	0.01052	0.02424	0.01064	0.01267	0.01502	0.01178	0.01280
M4-6-7_	GTGA(8)	0.01676	0.01445	0.01400	0.02368	0.01341	0.01532	0.01613	0.01494	0.01052
M4-6-7_	GTGA(9)	0.02287	0.01381	0.02125	0.02270	0.02229	0.01583	0.01751	0.01446	0.01414
M4-6-7_	GTGA(10)	0.01723	0.01334	0.02135	0.02228	0.02200	0.01797	0.01871	0.01255	0.02189
M4-6-7_	GTGA(11)	0.02209	0.01762	0.01728	0.02578	0.03118	0.02080	0.02351	0.01551	0.02012
M4-6-7_	GTGA(12)	0.02836	0.03080	0.03971	0.08352	0.08233	0.02901	0.03055	0.03007	0.03300
M4-6-7_	GTGA(13)	0.02773	0.03271	0.11994	0.42755	0.07679	0.02507	0.02600	0.02729	0.08267
M4-6-7_	GTGA(14)	0.02867	0.03287	0.72448	0.01948	0.32056	0.04270	0.03621	0.02998	0.41115
M4-6-7_	GTGA(15)	0.04183	0.03652	0.00834	0.01359	0.36063	0.12931	0.09302	0.03735	0.06979
M4-6-7_	GTGA(16)	0.10027	0.03985	0.00129	0.01878	0.01239	0.66735	0.36669	0.09318	0.30137
M4-6-7_	GTGA(17)	0.37349	0.10432	0.00040	0.05269	0.02900	0.00702	0.33305	0.40921	0.00404
M4-6-7_	GTGA(18)	0.06423	0.37488	0.00010	0.23837	0.00029	0.00051	0.00687	0.28290	0.00093
M4-6-7_	GTGA(19)	0.21933	0.24817	0.00020	0.00378	0.00029	0.00043	0.00137	0.00508	0.00017
M4-6-7_	GTGA(20)	0.00439	0.00699		0.00014	0.00015	0.00034	0.00009	0.00153	0.00025
M4-6-7_	GTGA(21)						0.00009			
M4-6-7_	GTGA(22)								0.00010	
M4-6-7_	GTGA(23)	0.00016								
