target	str	A01	A02	A03	A04	A05	A06	A07	A08	A09
CtC105_	TCCA(3)						1			
CtC105_	TCCA(4)						1			
CtC105_	TCCA(5)	2	1		1		4	3	1	2
CtC105_	TCCA(6)	2	1	2	2	2	3		1	2
CtC105_	TCCA(7)	6	5	5	3	6	4	10	1	3
CtC105_	TCCA(8)	6	2	3	12	2	8	11	3	6
CtC105_	TCCA(9)	10	10	21	11	8	10	4	3	18
CtC105_	TCCA(10)	24	9	25	16	18	6	12	6	10
CtC105_	TCCA(11)	26	12	16	9	16	31	35	5	12
CtC105_	TCCA(12)	24	56	14	6	10	18	26	36	12
CtC105_	TCCA(13)	22	0	25	16	9	22	30	1	21
CtC105_	TCCA(14)	17	163	4	7	15	17	30	82	8
CtC105_	TCCA(15)	21	5	22	4	8	18	18	7	22
CtC105_	TCCA(16)	26	9	21	0	18	22	26	6	8
CtC105_	TCCA(17)	15	3	1	230	18	16	20	4	10
CtC105_	TCCA(18)	1	4	0	8	0	6	34	2	9
CtC105_	TCCA(19)	360	0	610	6	223	269	10	0	181
CtC105_	TCCA(20)	14	190	4	4	0	14	0	4	1
CtC105_	TCCA(21)	0	5		1	130	4	740	92	141
CtC105_	TCCA(22)	192	1	1	2	1	159	10	3	4
CtC105_	TCCA(23)	4	1		59		4	1	1	
CtC105_	TCCA(24)	1							1	1
CtC105_	TCCA(25)	1	0	1	1					
CtC105_	TCCA(26)		5					1	1	
CtC105_	TCCA(27)		1						1	
M4-6-1_	AATC(1)	0		2				0	0	
M4-6-1_	AATC(2)	60		61	27		1	85	72	75
M4-6-1_	AATC(3)	14	30	6	0	2	4	16	0	0
M4-6-1_	AATC(4)	2421	86	5054	2492	7	166	4296	3588	4419
M4-6-1_	AATC(5)	41	21	3	37	30	152	64	49	
M4-6-1_	AATC(6)	42	0		36	41	155	97	52	1
M4-6-1_	AATC(7)	35	1614		0	23	0	22	2	3
M4-6-1_	AATC(8)	0	10	3	2188	27	8329	2740	2501	6
M4-6-1_	AATC(9)	1680	2	2	2	0	14	21	8	
M4-6-1_	AATC(10)	6	6		5	1592	5	3	4	
M4-6-1_	AATC(11)					8				
M4-6-7_	GTGA(1)	2			2		1			
M4-6-7_	GTGA(2)	1	2		9		1		2	
M4-6-7_	GTGA(3)	0	1	0	8	2	2	1	1	
M4-6-7_	GTGA(4)	9	5	8	15	1	8	10	9	1
M4-6-7_	GTGA(5)	8	12	93	17	19	19	7	5	71
M4-6-7_	GTGA(6)	79	74	86	87	85	123	129	106	101
M4-6-7_	GTGA(7)	79	90	90	154	63	128	154	106	138
M4-6-7_	GTGA(8)	89	80	114	149	73	156	162	137	104
M4-6-7_	GTGA(9)	130	75	184	140	132	155	173	132	131
M4-6-7_	GTGA(10)	88	67	188	130	117	172	175	106	223
M4-6-7_	GTGA(11)	110	78	105	81	117	185	213	108	171
M4-6-7_	GTGA(12)	146	154	164	0	462	282	297	258	200
M4-6-7_	GTGA(13)	140	164	0	3023	82	192	218	222	0
M4-6-7_	GTGA(14)	124	156	7279	118	1656	167	184	227	4702
M4-6-7_	GTGA(15)	122	173	81	67	2456	0	117	170	19
M4-6-7_	GTGA(16)	49	88	12	41	36	7778	3310	0	3568
M4-6-7_	GTGA(17)	2270	0	4	0	198	80	3859	3451	45
M4-6-7_	GTGA(18)	9	1914	0	1693	1	5	75	2939	10
M4-6-7_	GTGA(19)	1392	1550	2	27	2	4	16	48	1
M4-6-7_	GTGA(20)	28	44		1	1	4	1	16	3
M4-6-7_	GTGA(21)						1			
M4-6-7_	GTGA(22)								1	
M4-6-7_	GTGA(23)	1								
