target	str	A01	A02	A03	A04	A05	A06	A07	A08	A09
CtC105_	TCCA(3)						0.00157			
CtC105_	TCCA(4)						0.00157			
CtC105_	TCCA(5)	0.00258	0.00207		0.00251		0.00628	0.00294	0.00383	0.00425
CtC105_	TCCA(6)	0.00258	0.00207	0.00258	0.00503	0.00413	0.00471		0.00383	0.00425
CtC105_	TCCA(7)	0.00775	0.01035	0.00645	0.00754	0.01240	0.00628	0.00979	0.00383	0.00637
CtC105_	TCCA(8)	0.00775	0.00414	0.00387	0.03015	0.00413	0.01256	0.01077	0.01149	0.01274
CtC105_	TCCA(9)	0.01292	0.02070	0.02710	0.02764	0.01653	0.01570	0.00392	0.01149	0.03822
CtC105_	TCCA(10)	0.03101	0.01863	0.03226	0.04020	0.03719	0.00942	0.01175	0.02299	0.02123
CtC105_	TCCA(11)	0.03359	0.02484	0.02065	0.02261	0.03306	0.04867	0.03428	0.01916	0.02548
CtC105_	TCCA(12)	0.03101	0.11594	0.01806	0.01508	0.02066	0.02826	0.02547	0.13793	0.02548
CtC105_	TCCA(13)	0.02842	0.00000	0.03226	0.04020	0.01860	0.03454	0.02938	0.00383	0.04459
CtC105_	TCCA(14)	0.02196	0.33747	0.00516	0.01759	0.03099	0.02669	0.02938	0.31418	0.01699
CtC105_	TCCA(15)	0.02713	0.01035	0.02839	0.01005	0.01653	0.02826	0.01763	0.02682	0.04671
CtC105_	TCCA(16)	0.03359	0.01863	0.02710	0.00000	0.03719	0.03454	0.02547	0.02299	0.01699
CtC105_	TCCA(17)	0.01938	0.00621	0.00129	0.57789	0.03719	0.02512	0.01959	0.01533	0.02123
CtC105_	TCCA(18)	0.00129	0.00828	0.00000	0.02010	0.00000	0.00942	0.03330	0.00766	0.01911
CtC105_	TCCA(19)	0.46512	0.00000	0.78710	0.01508	0.46074	0.42229	0.00979	0.00000	0.38429
CtC105_	TCCA(20)	0.01809	0.39337	0.00516	0.01005	0.00000	0.02198	0.00000	0.01533	0.00212
CtC105_	TCCA(21)	0.00000	0.01035		0.00251	0.26860	0.00628	0.72478	0.35249	0.29936
CtC105_	TCCA(22)	0.24806	0.00207	0.00129	0.00503	0.00207	0.24961	0.00979	0.01149	0.00849
CtC105_	TCCA(23)	0.00517	0.00207		0.14824		0.00628	0.00098	0.00383	
CtC105_	TCCA(24)	0.00129							0.00383	0.00212
CtC105_	TCCA(25)	0.00129	0.00000	0.00129	0.00251					
CtC105_	TCCA(26)		0.01035					0.00098	0.00383	
CtC105_	TCCA(27)		0.00207						0.00383	
M4-6-1_	AATC(1)	0.00000		0.00039				0.00000	0.00000	
M4-6-1_	AATC(2)	0.01396		0.01189	0.00564		0.00011	0.01157	0.01147	0.01665
M4-6-1_	AATC(3)	0.00326	0.01696	0.00117	0.00000	0.00116	0.00045	0.00218	0.00000	0.00000
M4-6-1_	AATC(4)	0.56315	0.04862	0.98499	0.52058	0.00405	0.01881	0.58497	0.57170	0.98113
M4-6-1_	AATC(5)	0.00954	0.01187	0.00058	0.00773	0.01734	0.01722	0.00871	0.00781	
M4-6-1_	AATC(6)	0.00977	0.00000		0.00752	0.02370	0.01756	0.01321	0.00829	0.00022
M4-6-1_	AATC(7)	0.00814	0.91238		0.00000	0.01329	0.00000	0.00300	0.00032	0.00067
M4-6-1_	AATC(8)	0.00000	0.00565	0.00058	0.45707	0.01561	0.94369	0.37309	0.39850	0.00133
M4-6-1_	AATC(9)	0.39079	0.00113	0.00039	0.00042	0.00000	0.00159	0.00286	0.00127	
M4-6-1_	AATC(10)	0.00140	0.00339		0.00104	0.92023	0.00057	0.00041	0.00064	
M4-6-1_	AATC(11)					0.00462				
M4-6-7_	GTGA(1)	0.00041			0.00035		0.00011			
M4-6-7_	GTGA(2)	0.00021	0.00042		0.00156		0.00011		0.00025	
M4-6-7_	GTGA(3)	0.00000	0.00021	0.00000	0.00139	0.00036	0.00021	0.00011	0.00012	
M4-6-7_	GTGA(4)	0.00185	0.00106	0.00095	0.00260	0.00018	0.00085	0.00110	0.00112	0.00011
M4-6-7_	GTGA(5)	0.00164	0.00254	0.01106	0.00295	0.00345	0.00201	0.00077	0.00062	0.00748
M4-6-7_	GTGA(6)	0.01620	0.01565	0.01023	0.01510	0.01545	0.01300	0.01417	0.01318	0.01065
M4-6-7_	GTGA(7)	0.01620	0.01904	0.01070	0.02673	0.01145	0.01353	0.01692	0.01318	0.01454
M4-6-7_	GTGA(8)	0.01825	0.01692	0.01356	0.02586	0.01327	0.01649	0.01780	0.01703	0.01096
M4-6-7_	GTGA(9)	0.02666	0.01587	0.02188	0.02430	0.02399	0.01638	0.01901	0.01641	0.01381
M4-6-7_	GTGA(10)	0.01805	0.01417	0.02235	0.02256	0.02126	0.01818	0.01923	0.01318	0.02350
M4-6-7_	GTGA(11)	0.02256	0.01650	0.01249	0.01406	0.02126	0.01955	0.02340	0.01343	0.01802
M4-6-7_	GTGA(12)	0.02994	0.03258	0.01950	0.00000	0.08395	0.02980	0.03263	0.03207	0.02108
M4-6-7_	GTGA(13)	0.02871	0.03469	0.00000	0.52464	0.01490	0.02029	0.02395	0.02760	0.00000
M4-6-7_	GTGA(14)	0.02543	0.03300	0.86552	0.02048	0.30093	0.01765	0.02022	0.02822	0.49557
M4-6-7_	GTGA(15)	0.02502	0.03660	0.00963	0.01163	0.44630	0.00000	0.01286	0.02113	0.00200
M4-6-7_	GTGA(16)	0.01005	0.01862	0.00143	0.00712	0.00654	0.82194	0.36370	0.00000	0.37605
M4-6-7_	GTGA(17)	0.46555	0.00000	0.00048	0.00000	0.03598	0.00845	0.42402	0.42902	0.00474
M4-6-7_	GTGA(18)	0.00185	0.40491	0.00000	0.29382	0.00018	0.00053	0.00824	0.36537	0.00105
M4-6-7_	GTGA(19)	0.28548	0.32790	0.00024	0.00469	0.00036	0.00042	0.00176	0.00597	0.00011
M4-6-7_	GTGA(20)	0.00574	0.00931		0.00017	0.00018	0.00042	0.00011	0.00199	0.00032
M4-6-7_	GTGA(21)						0.00011			
M4-6-7_	GTGA(22)								0.00012	
M4-6-7_	GTGA(23)	0.00021								
