ID	metabolite	A148_1	A138_1	A126_1	A137_1	A152_1	A145_1	A127_1	A162_1	A132_1	A141_1	A121_1	A164_1	A128_1	A124_1	A131_1	A151_1	A146_1	A142_1	A149_1	A134_1	A157_1	A159_1	A155_1	A161_1	A156_1	A139_1	A130_1	A167_1	A123_1	A147_1	A133_1	A129_1	A160_1	A125_1	A158_1	A163_1	A135_1	A165_1	A168_1	A122_1	A140_1	A150_1	A144_1	A136_1	A166_1	A143_1	A154_1	A153_1
id1	2-hydroxypyridine	2479659.16	1740738.52	2348093.61	1618024.24	2265739.21	2657779.17	2441319.46	1978698.09	2501415.82	1899877.01	2565894.91	1880719.03	2176038.07	2655751.04	1946906.98	2567712.67	2646030.92	1810959.74	2928589.39	1567631.64	1758077.69	1796136.21	1925939.34	1721831.92	2123623.36	1688947.12	2252537.98	1834953.57	1989359.5	2567707.49	1760671.23	2224663.87	1954021.97	2426890.89	1859502.1	1798739.02	1388651.56	1489801.21	1491171.04	1675271.69	1565704.29	2602918.98	1210177.88	1182544.7	1425133.09	1235004.98	2108195.38	2456555.65
id2	Pyruvic acid	348716.335	58833.227	321128.547	71259.05	226977.753	317948.904	318040.391	63637.897	463152.469	NA	331164.257	59502.876	423060.508	NA	290056.65	283406.208	338763.62	57913.188	NA	70615.44	55724.811	55446.593	172258.584	30053.996	242681.326	66130.508	398176.787	88202.338	NA	254571.256	62883.572	531439.076	52906.643	NA	20883.71	56227.176	31308.915	65428.703	57329.944	NA	52983.95	263809.267	33407.137	44150.93	43781.157	23109.252	186803.573	297788.692
id3	lactic acid	484345.693	7721372.2	286762.393	3154530.89	354045.846	374131.728	411489.389	2737025.19	369034.028	2109792.99	300638.37	1641663.95	362232.063	384722.803	305328.238	396063.77	427385.366	1380492.14	505063.065	4262971.86	1764144.02	1376703.58	300861.305	1619453.99	318666.953	1400886.32	324930.104	1136082.46	282841.837	372067.077	11156749.1	476172.668	2739849.49	333916.89	2227832.21	1148792.16	1959698.87	1450589.58	1301448.25	330814.346	2197380.36	294160.038	1082027.72	4370604.46	656911.085	1278694.31	262680.304	469680.813
id4	2-ketobutyric acid 2	228961.721	215799.702	233472.435	220983.641	210211.486	236566.531	249139.418	238616.413	240685.32	218062.895	241281.363	282425.873	230687.608	278734.595	190939.212	264239.227	257732.275	254593.816	238298.194	210307.638	232737.652	265581.261	222427.157	199501.177	223016.997	252924.238	224905.37	277256.973	189357.647	246841.852	201858.13	245386.113	223027.81	246406.1	199539.615	264980.81	196213.179	229456.564	184117.631	199820.511	196635.133	213704.748	141900.478	165761.99	204331.859	182556.112	197914.538	225253.346
id5	glycolic acid	317802.065	498524.034	303935.572	293812.428	330057.53	362827.797	286262.187	313640.183	268650.673	422789.809	284760.284	263253.798	272148.614	325821.796	212459.351	273549.796	426435.791	347442.012	443662.666	327313.55	266250.815	188432.54	264396.753	219116.878	303180.493	286864.465	263836.244	263565.512	246718.983	460766.036	467140.115	310652.311	302131.269	306020.976	508999.254	230426.686	275986.645	206325.143	288971.79	323437.947	299670.604	340013.25	210422.438	260117.052	204209.065	282887.581	296067.593	354297.32
id6	alanine 1	6979756.39	2490366.91	4935552.06	1895089.14	3378051.38	5793414.51	5859781.42	4823346.68	4115852.59	1124130.04	5059750.54	2078173.91	3874578.76	6232866.87	3109891.75	4073430.85	6079245.07	1316311.36	5334678.08	1474141.93	4107726.65	2516161.95	1776923.54	1650782.37	2488685.97	1415458	3826525.21	2910261.07	4002273.73	5673069.98	2367297.09	3999571.52	4252262.14	4555427.44	4048322.29	1909247.09	950503.634	1875900.94	2721012.45	2880935.17	1080027.41	4983664.91	569028.856	2286271.42	1862674.12	862942.543	2079813.37	2850205.69
id7	oxalic acid	187339.165	149342.532	194661.94	145095.894	161846.783	202511.995	175318.689	152358.764	187356.26	146370.108	170674.442	149039.051	171479.239	176618.37	141685.671	178093.664	196198.37	122265.903	172325.987	124957.473	127618.62	138895.829	140001.461	119176.596	152260.786	130935.573	156523.713	146575.733	118795.635	193279.909	130118.928	166791.208	130951.539	173861.507	133831.324	137112.748	117179.818	109692.073	107980.391	128889.801	119811.858	147545.973	86681.256	97807.383	106384.331	93214.348	124310.506	149316.906
id8	3-Hydroxypropionic acid 1	30288.095	19546.17	26756.55	NA	NA	36074.617	NA	18485.671	23571.329	NA	24591.737	10871.983	NA	NA	NA	29270.431	37605.657	NA	30535.508	12997.554	13297.674	NA	NA	10249.579	26852.275	NA	NA	11920.794	21034.005	44998.765	NA	25404.499	11506.859	25657.223	17547.351	12767.635	14262.689	NA	15339.1	19062.913	NA	NA	NA	11016.704	8032.652	12347.651	18617.81	29095.947
id9	3-Hydroxypyridine	128666.852	50098.603	110371.101	29849.465	110156.165	118437.08	81401.53	43185.331	106082.813	49269.856	NA	NA	77864.654	101332.388	78036.255	108644.256	107791.332	NA	162314.954	NA	NA	NA	NA	NA	110368.504	NA	81517.586	39773.46	76354.756	104493.703	44235.751	73820.015	45263.616	91303.151	24309.734	NA	NA	NA	35628.259	48130.982	NA	149387.829	NA	NA	NA	NA	113874.862	119452.505
id10	5-aminovaleric acid lactam	404532.346	58568.324	353668.97	55881.824	213238.979	262290.863	260050.747	66138.173	224523.608	NA	145265.72	34377.508	111000.438	124752.516	47396.39	80751.671	127986.099	NA	95065.878	13868.217	30088.356	NA	NA	NA	NA	NA	47798.227	28546.056	55685.351	NA	19225.757	NA	23145.852	NA	17443.427	NA	3863.82	NA	NA	NA	NA	NA	NA	NA	NA	NA	NA	NA
id11	3-hydroxybutyric acid	NA	515716.918	NA	433788.877	NA	NA	NA	179430.547	NA	24744.011	NA	20648.001	NA	NA	NA	NA	NA	31907.146	14396.985	138400.88	42866.81	42835.758	NA	82130.022	NA	389425.328	NA	29039.994	NA	NA	373421.21	NA	395488.196	NA	620355.966	43014.875	381177.415	40185.871	35857.98	NA	60140.447	11955.935	16562.96	120122.183	23582.236	718708.725	NA	NA
id12	glutaraldehyde 2	77818.937	NA	150815.481	NA	57166.46	123019.244	63799.291	NA	82324.483	NA	NA	NA	76746.134	218224.997	129146.046	53521.441	68057.186	NA	106778.933	NA	214277.986	98836.075	NA	3027.416	64615.602	NA	116242.248	183183.938	143992.481	54634.264	NA	112104.019	NA	196896.148	NA	113402.533	NA	79310.101	123087.574	69295.339	NA	127059.308	NA	2553.374	64134.707	NA	59460.431	69362.185
id13	sulfuric acid	77465.36	6566.26	164931.644	NA	128346.16	79134.077	155227.21	2806.214	149431.167	NA	171255.218	1488.407	173634.034	256273.37	136258.614	195230.519	126448.821	NA	95612.547	NA	1335.976	NA	76930.956	1307.805	94811.105	NA	168412.119	NA	121691.014	180339.262	NA	122812.878	NA	215557.839	NA	NA	739.786	461.639	NA	8971.659	1386.494	100297.215	NA	NA	NA	1662.836	NA	162002.214
id14	4-HYDROXYPYRIDINE	69944.059	NA	86786.254	NA	63012.469	59569.014	76651.892	NA	93793.181	NA	NA	NA	66022.946	68575.906	50752.646	NA	NA	NA	NA	NA	NA	NA	NA	NA	NA	NA	NA	NA	NA	34097.604	NA	NA	NA	79446.314	NA	NA	NA	NA	NA	NA	NA	50750.686	NA	NA	NA	NA	NA	NA
id15	N-Methyl-DL-alanine	18602.589	NA	16124.637	NA	13888.398	18208.742	14002.172	26271.528	17122.929	14744.927	14979.877	NA	15422.201	17466.196	14959.491	18914.897	18494.544	15951.88	16924.038	13997.466	18080.103	21994.766	15954.638	20014.555	17103.05	17759.29	17149.187	23839.336	NA	20721.458	17860.314	15851.81	22364.302	17157.768	NA	24161.169	16418.727	21564.143	20373.856	16099.269	NA	18819.334	NA	13825.761	20410.553	NA	15827.758	17483.491
id16	Lactamide 1	93374.495	68368.312	86511.192	72084.869	74232.379	55874.757	70778.463	85803.563	81522.818	87072.239	65552.303	80274.428	69698.108	65462.221	53568.782	49582.286	55541.864	73703.977	53225.249	65604.528	53747.384	61673.408	50671.954	66691.04	50972.899	79046.545	56459.806	60891.439	39905.042	50387.875	72011.462	57164.29	80636.384	55859.269	99302.877	67920.034	76941.204	67585.686	61640.257	63168.171	73907.881	48629.867	66381.06	52497.612	64003.933	82870.128	51653.262	52255.021
id17	Methyl Phosphate	755838.371	101585.402	295360.215	139824.385	464621.217	600673.606	386821.975	11702.501	367477.303	23506.929	500855.413	38385.381	370697.089	473768.818	289163.21	468650.303	749482.812	58916.55	674973.472	124515.159	26965.086	26612.41	364468.156	NA	360140.06	75874.462	303992.776	106073.523	164804.535	555036.843	30227.414	355325.663	NA	257682.403	NA	19230.6	52158.338	26628.992	53545.341	232150.64	76899.363	345003.145	18108.677	72307.503	NA	20406.576	310644.112	557936.036
id18	Methylmalonic acid	44157.787	42474.572	42784.299	36617.79	40683.737	45217.065	33310.156	67203.753	42018.339	65225.644	45332.997	65956.887	41217.742	39958.312	35088.562	41341.422	42553.026	64616.375	48937.488	45671.812	64038.284	64288.018	45810.901	68812.848	47374.522	67130.584	47614.751	60860.373	36901.422	41556.753	65777.511	43967.539	71712.248	47549.415	80140.002	80319.496	64470.186	81673.553	81164.658	49379.182	59745.202	53769.577	63848.343	55992.955	83713.974	87791.476	57468.269	48762.485
id19	malonic acid 1	2513917.92	184824.308	1067614.13	185640.277	1030643.08	3547328	677662.179	92862.717	725187.305	112347.943	824759.908	127806.183	493373.32	961485.13	389227.512	877421.189	3484391.98	88614.374	121474.033	172610.948	101117.776	83880.317	626468.575	56316.254	1049830.37	117168.66	452850.758	132412.076	805910.728	2964072.23	103235.524	820015.739	100086.357	545276.593	28434.795	71094.054	97051.292	81097.079	96947.203	525272.045	119440.207	1825451.67	50912.401	98570.373	70339.895	59596.177	92943.395	95626.593
id20	cycloleucine 2	303370.634	304409.456	286928.132	336946.777	307825.517	299548.428	315284.669	339625.988	302596.725	299034.337	308120.279	293603.686	286355.166	315383.433	248688.57	283340.481	297696.619	289598.433	272770.949	278071.899	296186.763	304446.253	287612.788	286342.482	277930.174	305840.643	290632.982	345999.626	257764.158	289957.235	342891.32	287419.007	315633.304	322253.793	306229.504	317580.935	294696.095	279099.895	306205.484	70892.279	317737.75	297585.131	247093.561	268216.722	263973.121	254886.363	247862.838	303366.073
id21	valine	771388.24	535302.036	734821.446	499780.404	533172.143	788405.076	683481.883	973347.375	648270.641	361690.644	669996.005	799394.57	525598.875	651630.732	458385.649	507563.709	756632.027	557138.925	681016.688	489723.307	1435570.48	660414.794	376120.884	577107.522	489244.775	550052.277	499767.517	1111048.99	593707.923	811338.78	424924.563	589879.42	720684.519	553757.589	1275024.81	799235.27	301735.3	810271.855	1475965.91	537860.833	443980.272	664886.181	237689.009	504629.351	611774.147	356951.491	446794.422	500747.049
id22	hydroxyurea	8208.02	12071.047	NA	7167.901	6067.86	8575.401	NA	5135.735	5811.745	8332.98	5183.913	NA	7152.66	NA	NA	4954.332	9012.479	5108.21	8935.952	7981.295	NA	NA	6775.689	NA	NA	NA	5034.774	NA	6428.003	7353.292	9859.906	NA	NA	NA	NA	4465.614	7124.773	NA	NA	6754.239	7013.224	8879.608	6019.768	4509.871	NA	4922.144	11421.708	5150.37
id23	4-hydroxybutyrate	157428.867	NA	83461.891	NA	73382.179	123632.868	62689.149	20814.113	43420.535	NA	62826.738	NA	36910.533	78860.805	38694.562	95862.472	211882.453	NA	181693.916	NA	11638.457	9993.475	65009.766	8943.522	78835.363	NA	40827.666	18179.859	58872.914	214379.479	10381.259	40429.759	11165.568	73737.277	NA	12417.93	NA	12128.672	9965.047	38727.671	NA	159374.049	NA	NA	12590.071	NA	57269.771	104284.286
id24	2-Butyne-1,4-diol	13494.219	0	14480.385	847.242	17081.85	17707.072	13398.289	359.626	13730.377	1050.116	12603.907	0	16734.323	15924.905	11120.647	14869.139	21284.366	111.953	10597.167	0	75.421	99.835	11269.589	344.116	1028.027	0	15448.054	671.691	14944.82	710.713	45.316	17981.311	297.582	11724.322	0	1664.323	54.416	923.704	441.065	951.965	502.738	1062.185	541.724	1718.7	532.824	946.994	602.326	NA
id25	Dihydroxyacetone	17329.258	20809.757	21090.858	NA	20072.596	16824.218	18542.644	8778.44	18345.424	10381.886	18030.033	NA	16020.948	25184.397	16520.01	15776.487	16110.435	NA	18552.663	8922.421	NA	NA	12656.426	NA	19945.362	NA	16303.054	NA	18539.34	12849.488	23396.506	NA	NA	24012.674	13325.43	NA	NA	NA	NA	17578.282	NA	16933.601	NA	NA	NA	NA	13111.359	12579.414
id26	Citraconic acid degr1	152658.338	160248.11	144902.889	168005.28	142043.062	146893.188	140781.541	163015.895	139922.598	148054.453	146759.311	160469.423	142954.116	165034.583	120868.233	148730.185	145412.523	142124.753	138695.185	126575.64	134048.085	144280.456	128647.759	149289.408	135242.722	143914.92	131324.81	156020.741	114979.433	137620.452	150232.251	132989.194	140093.938	131818.832	147035.612	152460.167	135788.172	129516.722	147371.72	129677.036	140854.883	135510.167	124437.269	131837.873	135840.394	127303.233	122999.666	138487.01
id27	caprylic acid	4773.143	14764.007	4712.883	13281.192	NA	6095.69	5515.823	5502.453	4613.03	5602.204	6702.207	5386.842	NA	NA	NA	NA	NA	4375.505	6517.769	14246.136	4436.827	3919.261	NA	3010.694	NA	5975.508	NA	3758.396	4066.86	NA	13268.294	4708.537	5198.61	NA	NA	NA	6034.185	3520.849	6294.581	5179.591	6743.287	4769.607	4938.897	6740.363	NA	3903.353	NA	5134.944
id28	Ethanolamine	1391935.15	1610341.46	1917584.12	1581541.86	1414517.61	2402511.56	2525260.21	981251.46	2675530.43	1294685.92	3031918.52	1489439.39	2866934.87	3538242.69	2647697.49	1810459.14	3873847.09	1491503.91	3588905.4	1982748.49	1621113.07	1045528.42	1678922.01	746449.699	2332984.86	2018750.48	2987085.43	2068457.37	3284005.16	3411706.48	1713272	3975938.77	1489694.57	3550403.24	882312.499	1381196.35	1538449.01	1674183.47	2060043.44	3335658.97	1822129.8	2898880.46	1363868.44	1859933.98	1569742.36	1452677.89	2301590.95	3421520.28
id29	phosphate	5356049.5	2177202.68	6532732.92	3397151.51	2642134.59	7019399.77	4303373.02	79898.75	6338310.51	214211.321	12911151.2	110235.039	6677043.99	9480622.69	5160286.23	1995663.13	8272273.98	347211.125	8196268.29	3858588.89	164208.955	109726.513	1440158.87	56219.879	1406511.19	1082734.57	7019511.41	262891.878	5177747.37	9287300.47	399649.524	6441331.3	111235.41	5905536.15	57906.162	93712.257	1271514.02	123186.993	169271.402	8874618.22	1395378.62	4210129.26	154673.102	4508195.92	99065.812	166385.917	1753186.45	3527929.59
id30	glycerol	2963418.8	5364910.03	3478349.64	3500882.92	2652597.26	3583242.28	3305512.46	2996696.31	3818119.34	3126841.28	3692680.63	2058175.45	2909842.28	3122132.34	2845747.45	1958983.21	3596680.62	2821497.26	3545514.66	3322795.46	3566044.54	2371359.06	1972386.72	2746027.81	2496121.81	2603929.94	2789983.58	2226041.26	3759740.82	3337120.37	3916369.42	3754901.29	3542007.52	3610252.96	5675022.34	1800765.31	3269429.38	1952433.06	2336634.42	5395371.2	4191490.43	3312822.85	2154668.15	4184346	1518366.6	3215119.24	2478287.97	3625568.79
id31	thymidine 1	42381.576	42500.963	38992.725	42805.131	38081.002	39025.034	43918.255	44577.162	37701.52	38236.377	40002.513	43027.403	39021.899	41440.985	33379.962	44342.427	42439.562	36800.366	39550.446	36064.162	35186.597	39556.902	36394.108	41896.341	36891.834	40474.932	35262.328	40693.325	34879.336	40447.516	39985.675	37211.537	42195.191	37783.58	40763.862	39885.763	37095.095	36981.848	41819.478	36028.377	39708.129	39786.741	34214.584	34285.718	39486.647	34935.819	35947.576	39842.193
id32	N-cyclohexylformamide 1	389431.406	382753.572	360968.807	399741.437	353319.407	374714.694	374580.282	400974.301	359281.965	366833.28	388549.051	392236.557	366062.617	410515.484	322837.901	390426.09	390191.831	350839.504	374504.74	333519.469	341197.04	362103.479	351196.852	365475.051	356073.836	369357.302	340337.796	383583.339	320310.152	378263.594	365019.927	337098.671	380807.135	368731.741	361997.644	379584.098	341849.393	343765.278	366090.569	351006.09	366475.974	373433.046	297274.364	326230.12	324722.752	302119.423	323687.881	369353.727
id33	4-Vinylphenol	71448.04	2850.191	68868.623	1204.673	65344.39	75530.761	68527.695	3469.275	48926.233	1548.294	62142.568	422.103	56643.765	78216.774	48576.538	57540.432	70144.951	178.432	76138.192	2444.185	1008.126	NA	41286.438	1611.245	53041.492	908.706	45629.759	1333.68	53228.48	74449.516	NA	44601.922	682.203	62417.53	1199.613	NA	1046.253	NA	NA	41531.6	1217.808	77643.686	0	198.671	NA	59.494	26501.117	55661.87
id34	Isoleucine	143558.351	276794.953	232607.9	228387.729	115251.301	129133.424	225764.108	503633.977	128809.024	183339.608	146346.927	450811.918	148074.693	150721.696	102437.519	98053.553	131472.198	328569.996	85721.375	239516.036	991208.414	379840.757	63929.008	360586.252	95333.488	302583.793	116884.356	720895.503	187216.186	140297.846	211637.826	165088.514	410194.791	145069.4	730194.492	453230.679	136100.506	497971.888	1027419.92	157852.259	229053.726	111398.719	122757.066	242413.649	337586.724	179195.685	74958.346	118124.523
id35	O-methylthreonine 1	NA	NA	NA	NA	NA	NA	NA	86374.847	NA	66252.025	NA	87416.689	NA	NA	43006.987	45643.658	NA	NA	NA	59807.63	NA	NA	41804.46	73012.303	NA	68756.063	NA	NA	44780.209	NA	64584.086	NA	NA	47475.848	NA	NA	NA	NA	125283.413	50805.628	NA	NA	NA	NA	NA	NA	NA	42466.511
id36	proline	13506.881	88155.78	26116.545	56048.288	6038.523	9154.114	29971.448	121064.712	13389.304	32416.42	25073.9	51509.261	13205.836	18227.302	7179.338	6183.183	17423.488	35760.398	4762.466	38357.579	179824.676	53501.417	4665.985	54950.856	7067.553	38553.76	11929.901	73991.653	14886.221	11777.606	66866.991	22677.057	121503.942	9815.938	329694.576	39119.448	18194.347	53905.674	122431.3	28810.3	36940.174	NA	21587.998	38921.729	44922.444	32634.057	NA	8117.315
id37	maleic acid	1963907.03	583135.568	2653973.69	511688.862	2516411.38	1129892.79	4267367.33	629485.209	6662447.32	475543.785	1671571.77	377679.184	4579882.01	1941125.47	3631718.26	1919462.86	1013309.23	456681.732	2756978.53	550356.065	620894.141	388216.176	2784111.91	NA	3950929.81	643569.125	4100432.99	554697.031	5879209.71	878397.641	763335.497	5994164	661972.213	4599490.08	141322.745	448628.08	609127.964	NA	814495.973	3092486.95	482721.213	2993090.53	NA	NA	NA	395531.949	4194646.94	2983579.57
id38	glycine 2	54695.039	247936.095	120823.973	171637.184	55287.951	126788.822	137209.852	245978.217	200417.756	139493.273	172434.126	183730.835	233336.873	207244.324	246273.381	117951.693	156649.258	175067.171	176351.794	309391.606	298899.862	221819.944	113890.469	222464.159	133682.875	188418.355	261440.752	296862.96	356220.119	219846.497	510339.222	389680.228	372001.074	401710.902	608077.517	264906.349	237464.295	269332.398	390381.371	416859.425	225173.68	320725.56	139946.859	413915.538	254386.631	185994.126	173243.444	168504.965
id39	1,4-Cyclohexanedione 2	112829.634	120332.625	106227.466	118330.408	106106.107	115566.48	119007.529	121527.918	121025.036	112036.095	110920.293	124095.599	117823.044	125626.811	98021.096	116775.287	113033.331	99476.951	114645.324	99858.748	105460.372	104696.964	110786.696	103931.455	104040.853	107605.061	99627.441	112813.356	98008.978	101453.117	114592.649	104648.92	116256.624	112173.316	103839.438	120964.749	104493.952	95332.48	124633.297	105193.124	97425.779	113515.874	82552.297	100284.045	91312.363	81313.508	105098.658	109060.996
id40	Glycine-d5	NA	NA	27233.1	16197.994	NA	28275.225	29941.547	15779.798	33364.719	20184.85	NA	11698.897	31670.453	NA	28796.444	NA	29906.792	NA	33398.608	14329.186	NA	6286.257	23752.186	NA	27831.281	14254.286	NA	NA	24077.393	NA	19160.229	NA	NA	25516.36	NA	NA	13939.609	NA	NA	NA	15871.655	27259.94	NA	NA	NA	NA	NA	26300.493
id41	succinic acid	6859445.22	4456212.85	3881192.43	2243852.41	5152833.99	5153935.79	5220862.77	1574369.88	4681051.26	1943172.42	4192592.49	1551991.02	4916387.87	4911030.21	3828178.68	4811849.83	6083594.45	1660493.99	6144564.87	2434943.37	1709548.99	1126106.4	3730029.51	878249.306	4992709.68	2136111.55	4193705.07	2029266.59	4431294.6	4493326.84	3196404.09	5561674.82	1372106.82	4258830.06	1324165.77	1141988.55	1836605.93	1239904.85	2088174.2	3350844.82	2003728.76	5190988.47	1042114.24	2268586.7	1066542.97	1030437.16	4590871.32	5833010.27
id42	Thymol	12701.456	NA	NA	NA	13277.341	15305.769	12656.997	NA	11496.54	9690.458	16131.229	7052.979	10537.605	11937.262	NA	11965.205	NA	NA	11916.202	NA	NA	NA	10963.983	8385.758	9440.426	7710.872	9050.019	7532.94	8068.724	12053.69	8075.563	10952.926	NA	NA	NA	NA	NA	NA	9573.706	NA	NA	NA	NA	3428.421	7386.113	NA	9732.924	NA
id43	4-Acetylbutyric acid 2	136773.152	140045.712	125415.959	143557.665	129552.362	137061.652	129527.976	143903.942	138292.34	130584.561	143441.465	139126.448	132762.515	147813.456	113229.561	137530.143	136166.384	124607.33	135576.536	111607.165	119801.563	129607.663	128288.416	129842.884	123663.932	130337.615	109558.397	136171.826	106402.286	125467.982	126249.641	115705.022	128923.14	124486.204	122279.215	133201.433	113532.44	115146.949	129093.718	120196.259	124201.519	122912.89	100403.095	105319.082	108337.168	97012.141	111698.052	129049.428
id44	1,3-Cyclohexanedione 1	60208.949	65516.774	56561.966	68401.244	58309.488	60674.091	61316.645	61009.783	67362.501	67637.91	61510.211	73574.972	62609.564	70335.346	49493.888	65320.678	59313.865	52176.993	66506.567	68928.973	54551.987	59009.19	67226.056	60372.884	66583.55	60035.312	45481.976	61902.848	48021.32	55300.87	59176.394	50239.408	57656.322	59579.927	56347.427	67145.724	54102.645	45296.104	62120.31	51808.989	51495.036	56685.212	43922.741	46968.541	44980.13	40206.345	57215.331	52556.446
id45	D-Glyceric acid	2896265.4	153454.537	2284452.41	108922.363	1622709.86	2084667.65	2769712.44	137238.464	5043538.91	113901.103	2312532.89	131575.695	4153636.28	2389662.14	3288261.68	1672379.64	2516045.43	119817.941	2422849.15	102392.079	170456.485	94806.004	1361476.08	79063.107	1784750.98	125211.167	3180347.01	154534.474	2700614.26	1770420.86	115341.736	4515754.41	119064.065	2837399.35	280603.112	120478.834	90564.795	98858.642	227615.337	2876689.97	96097.267	1979486.14	67674.374	111294.129	98268.112	93708.767	1126984.88	2130387.1
id46	uracil	27183.563	20507.695	23398.738	18365.92	20838.465	35525.74	27963.794	26827.493	21487.696	NA	31015.82	21190.618	27940.128	33620.19	18500.037	24150.444	34895.352	19257.869	33094.752	19591.187	26110.671	NA	NA	NA	30006.183	NA	48887.306	26462.919	24459.191	44160.018	NA	29355.54	30219.671	34082.125	187214.068	30879.84	25163.442	30367.455	40284.637	43593.02	27640.568	42883.566	NA	16441.247	30674.036	NA	38982.822	36935.473
id47	fumaric acid	455136.721	276202.649	311409.373	235072.985	302654.455	440576.707	374373.778	250188.749	427613.725	144716.913	266814.355	109440.116	363792.244	326207.737	274744.96	335931.048	515064.13	150383.848	453272.5	217878.597	277941.623	165440.934	276637.862	123462.097	373415.601	173579.14	358251.488	172408.933	394282.478	382975.577	228623.14	582286.898	185823.626	317847.738	331629.359	146413.605	219172.244	103770.658	170700.26	283563.206	145836.943	422996.763	102996.816	173508.755	109481.164	130094.904	326108.333	482892.209
id48	serine 1	1031698.13	526323.091	1784543.73	485198.116	811145.937	2423394.27	2315112.95	828198.675	1536944.09	297650.124	1114136.11	646875.421	1103061.61	1330789.46	760912.103	904022.776	2449555.99	393819.791	1616363.63	519629.097	1522907.28	552507.915	514938.327	352886.786	1134547.49	470416.972	918304.045	1062362.67	1930240.51	2904472.49	511588.127	1640588.02	752744.47	905934.443	845672.612	614185.616	313470.03	735581.06	1495096.68	1107838.67	446694.689	1599573.36	199703.833	455530.207	628321.6	327321.582	770709.425	1187212.25
id49	3-Hydroxynorvaline 2	59503.998	33803.32	61336.079	27349.961	39951.019	70309.7	48152.887	38839.977	53039.152	30324.812	91151.143	38150.814	64107.476	68125.34	55248.162	45395.523	65837.053	42699.77	54345.487	31506.026	47766.348	37557.755	44527.319	33904.183	43883.798	28542.317	54011.698	38710.217	42326.825	58349.181	35415.954	61382.452	35843.349	67968.58	39172.418	35997.145	30247.052	32095.198	33766.288	47823.148	23093.774	55595.898	26696.504	25729.995	23697.208	22710.787	33813	44467.616
id50	Pelargonic acid	11025.361	30381.051	59494.223	38765.799	14662.372	13249.561	40190.671	31682.35	71094.677	33403.258	49182.51	25060.256	43499.48	57521.307	48140.48	18607.58	16919.389	23823.338	19363.92	33957.642	23830.516	22835.72	26719.38	29557.333	11739.324	36520.173	48114.798	36110.563	52090.729	18104.735	37671.465	70299.428	28316.805	44919.067	31502.919	34518.447	28246.197	21723.827	32877.865	53014.956	34285.389	22885.482	38478.636	27990.78	23739.342	33472.023	22915.175	16324.98
id51	2,3-Dimethylsuccinic acid	48088.564	NA	45480.897	NA	43226.761	30473.808	143437.666	NA	68433.321	NA	72116.135	NA	81423.535	113327.151	62508.68	54346.144	55478.21	NA	53440.239	NA	NA	NA	37081.389	NA	40743.306	NA	63495.942	NA	53957.546	32837.656	NA	103604.383	NA	61109.731	NA	34518.447	NA	NA	28063.424	50508.779	NA	34871.033	NA	NA	NA	NA	24019.688	52988.835
id52	3-Methylamino-1,2-propanediol 2	568934.318	123020.521	641056.153	84280.925	737414.561	532221.297	501670.84	70237.354	442628.065	91996.632	467496.926	72362.238	566417.121	518661.945	459261.289	495584.071	591738.454	87829.401	521381.016	81793.858	63974.571	28892.622	390719.902	27927.043	539465.663	117019.618	442815.156	86219.932	429735.077	744024.499	90622.188	378292.827	57805.525	521266.973	NA	67718.224	75512.585	40035.357	114051.615	391863.293	72067.369	523321.507	50885.667	67474.972	52664.224	90977.564	432959.692	505180.314
id53	threonine 1	265330.741	146933.654	338042.396	137825.45	268030.257	537870.88	375181.2	320911.372	370412.994	104223.401	282004.158	259380.806	258924.869	317093.306	239527.517	320728.521	517136.02	158165.155	456607.956	146656.662	585858.942	241655.602	204576.305	196867.385	313292.213	173116.422	244617.046	438644.394	422595.476	606043.541	149477.462	359968.038	252241.929	303237.107	332962.602	287945.348	114396.012	303093.874	614216.572	279087.13	148088.815	502400.046	81157.315	160901.044	243253.814	118922.527	302782.518	331510.762
id54	Tartronic acid	53991.915	32724.753	51395.112	27961.014	46715.436	54443.042	52218.969	36364.485	59208.384	30744.035	55734.642	30438.317	50983.998	57111.54	47292.653	51675.2	55653.047	26781.474	65569.463	22506.026	33481.781	25859.749	41237.143	26142.525	47421.116	26461.048	50299.548	29331.974	54743.881	59059.29	28589.495	53348.763	34026.835	56743.257	32833.044	29409.961	26565.104	32259.42	31040.5	35739.693	24486.031	63494.375	NA	20563.849	27777.449	NA	49085.201	55634.988
id55	3-methylcatechol	104208.715	NA	48587.833	NA	87654.374	194409.559	43343.591	14842.324	50121.511	NA	75344.084	16943.266	56031.289	37298.354	48653.802	144889.606	257069.261	19339.482	242653.843	5596.608	54547.027	20394.549	71245.962	15418.065	61927.225	6876.824	61332.514	35320.556	44467.414	303619.831	NA	87182.142	15626.564	54443.658	22070.081	40953.077	NA	19827.415	21508.565	46906.82	7032.803	207077.034	11905.486	NA	20975.227	10594.907	89067.033	156697.876
id56	hydroquinone	NA	NA	NA	NA	18227.363	NA	28338.408	NA	24475.224	NA	28039.5	NA	27319.439	30300.947	24408.374	22765.086	24528.117	NA	28030.886	NA	4446.637	NA	4638.549	NA	20728.624	NA	26217.037	NA	24331.519	26023.316	509.37	22271.819	NA	26273.794	NA	NA	NA	NA	NA	27488.756	NA	30441.507	NA	NA	NA	NA	16564.326	23265.551
id57	DL-Anabasine 1	24106.7	18097.449	NA	16803.131	20630.437	18609.33	21350.625	26369.103	27914.62	30360.977	21880.103	27101.165	29814.183	31335.332	32759.333	31464.565	28023.321	31392.862	NA	23737.727	24593.356	27779.701	27490.284	26202.453	29703.941	26332.46	33414.816	31241.056	24297.511	31429.373	31805.97	34309.327	33789.075	52849.915	46236.564	34415.927	25911.16	25880.55	29285.871	39544.549	36188	NA	29885.496	24961.955	28763.425	24884.728	29829.218	31571.783
id58	O-acetylserine 1	NA	NA	17014.661	NA	NA	NA	22417.066	NA	19913.117	NA	19174.831	NA	28518.372	30215.364	29762.205	21320.339	NA	NA	NA	NA	NA	NA	NA	NA	23513.126	NA	NA	NA	25515.592	NA	NA	32083.085	NA	33410.085	NA	NA	NA	NA	NA	23217.065	NA	23825.66	NA	NA	NA	NA	22262.86	26658.913
id59	Glutaric Acid	125756.742	NA	102610.147	NA	102639.92	134064.275	118308.36	NA	111034.382	NA	85476.443	37210.645	106800.523	117362.056	97432.882	109179.516	157454.038	43240.294	169925.419	19705.64	58980.044	25046.086	86424.825	24176.669	112569.871	33973.753	108365.3	64433.966	108224.451	114709.883	30591.016	104794.897	26173.196	122823.415	NA	64240.416	13904.877	33236.032	82340.262	95814.967	NA	142808.024	22030.718	27236.438	30251.873	10890.676	86004.851	118020.997
id60	Biuret 3	369303.89	389104.742	296414.555	668233.498	749924.865	518813.347	514192.108	748022.95	377413.413	586855.328	444043.45	366748.528	344418.67	701269.199	348766.413	399354.075	571707.538	306547.648	395689.545	387218.603	379750.933	295006.351	414762.453	396441.423	390023.852	481540.016	409294.489	595831.449	347669.611	374935.322	674546.166	353183.33	430707.516	400411.213	534736.279	317045.197	360135.546	387858.296	350525.283	499831.234	336620.792	362120.494	401913.761	339078.105	322198.589	343701.051	340137.479	576657.401
id61	2-Deoxytetronic acid	20504.427	NA	32408.627	NA	21351.071	25830.133	23825.069	NA	20787.711	NA	23436.013	NA	20679.802	28261.247	22920.354	NA	20882.673	NA	23164.6	NA	NA	NA	NA	NA	15565.574	NA	20465.602	NA	25593.505	24084.711	NA	NA	NA	30752.951	NA	NA	NA	NA	NA	23047.559	NA	26303.444	NA	NA	NA	NA	20588.273	20314.638
id62	aspartic acid 2	1073004.97	327171.591	1198314.58	391888.825	713592.099	1403084.25	585691.036	258629.756	453088.63	110318.436	815247.465	257759.467	553259.058	902315.825	531424.856	627938.566	887100.96	114383.635	753657.196	297928.369	222593.295	223593.971	602050.963	129241.831	554828.485	149990.183	393682.415	242282.954	653836.802	951363.205	122967.237	288318.008	185516.32	671062.109	114099.618	186335.58	191830.432	158628.351	199066.29	396990.091	186543.201	639142.109	51001.153	224809.829	110222.206	58770.479	427077.305	433522.806
id63	beta-Alanine 2	5533.426	14848.579	13203.494	NA	8225.89	18577.697	16230.068	27675.914	NA	6677.502	NA	15511.94	NA	21929.563	NA	17239.106	29739.61	11614.438	27597.642	15218.706	45718.221	22283.554	14186.371	17485.095	21136.023	14763.969	20796.531	NA	NA	40758.718	NA	21982.838	55118.481	30521.308	853.537	33572.464	13099.09	40880.199	68031.421	NA	16606.503	32508.79	NA	41079.823	NA	NA	20598.905	28140.308
id64	N-ethylmaleamic acid 2	438458.766	212118.361	790107.779	187853.993	575989.001	501178.312	617118.491	383802.075	771304.887	153453.026	728294.974	332304.577	614389.035	762386.013	383491.218	359607.597	301765.982	270732.846	371770.562	131378.429	322841.152	149530.905	214543.269	89518.952	225638.138	223687.747	479593.242	255380.711	197904.603	72746.402	NA	446540.459	124487.897	421592.528	97405.989	349899.329	76537.765	201376.201	302241.794	228004.782	163798.282	79713.581	NA	177135.796	123168.316	134923.72	58503.557	167998.06
id65	3-Aminoisobutyric acid 1	73023.464	93201.83	86984.688	92088.868	92766.118	113231.184	100948.103	109205.188	105245.484	112825.797	112022.875	111953.617	118694.57	127708.848	104472.241	121816.257	132339.525	109626.326	130262.774	102767.91	104773.897	109971.451	108807.77	99481.482	115267.277	110968.219	114696.755	117880.411	108173.966	127979.956	106567.892	114154.387	106684.202	112969.411	106389.295	104596.531	94944.34	99392.239	112620.33	109597.781	106622.144	122313.156	88673.116	97892.14	96832.533	93484.358	106728.793	111537.055
id66	L-Threose 2	254392.871	18642.961	376744.937	14385.781	347458.36	330864.282	331844.827	19566.892	242733.793	13960.529	305681.075	19852.714	298238.291	360113.657	245255.405	260306.969	303733.543	17699.473	335009.65	14137.11	22637.528	14498.574	207472.196	10700.323	287403.368	18962.46	242932.462	25426.191	301964.896	428537.573	15249.61	225963.956	18432.6	351374.822	13775.927	22679.519	12813.757	15591.493	22140.687	215784.301	13237.93	377622.116	15944.381	18143.964	18162.977	15888.796	208246.377	258464.513
id67	Aminomalonic acid	NA	NA	NA	NA	NA	NA	NA	13027.445	18192.366	NA	20711.457	NA	24555.612	NA	20235.463	NA	26410.67	NA	22807.218	17417.95	20416.142	NA	14310.299	NA	17672.14	NA	23783.516	19604.678	36970.525	33502.802	NA	32918.88	NA	38587.744	NA	NA	9834.996	NA	21651.384	38326.466	NA	38936.187	NA	NA	NA	NA	21526.254	23838.306
id68	Citramalic acid	16290.747	9789.547	15350.853	12516.623	21240.068	30117.346	16697.496	18840.212	25567.702	734.384	36331.333	21312.41	29443.325	33567.903	29665.246	35326.49	46080.471	23662.323	47934.569	22584.409	18914.456	22472.616	27365.292	22956.068	34054.346	21596.481	33580.926	24658.895	35112.077	41739.821	24048.775	34427.491	28407.72	37734.38	25972.212	26472.333	25182.705	23959.196	26622.095	36651.834	24590.26	40162.016	22436.928	27742.271	23546.759	21171.743	44786.726	39753.258
id69	L-Malic acid	7965457.91	9874532.35	21614735.8	9584809.23	4573580.41	4652180.13	8514700.94	7421786.46	4221329.72	5573703.69	5692515.1	4921452.49	10200998.7	18993295.3	8624613.51	8666061.6	8641706.9	5949056.72	9447061.43	9932290.58	8351492.98	5474678.5	9121750.39	4239054.09	9228210.33	7742956.29	5879587.23	6480606.29	5675518.23	8265927.23	7396159.5	5966002.96	7397974.76	18751903.7	3949944.27	5018566.89	8253517.24	4468872.48	7338836.72	17985292.4	6412290.59	5543399.36	4769774.03	10515103.5	3708639.07	5170203.56	4059212.87	30298615.5
id70	Threitol	29541.879	35950.954	94496.619	16524.878	62344.055	37419.987	147901.313	13516.045	59932.773	16691.033	107235.885	7471.343	56058.186	145939.723	110712.018	100006.567	90405.683	13109.066	35106.723	51383.316	15117.142	6569.667	57076.368	6921.163	61223.678	17704.079	64392.947	8373.116	103547.713	32266.99	48099.487	189720.872	10697.822	90308.126	19237.038	8374.362	19958.9	10391.698	52663.177	4152446.15	15654.154	21229.475	14526.564	33384.874	8113.48	39022.039	30696.296	50852.974
id71	4-hydroxybenzaldehyde 1	73685.978	NA	303978.74	NA	27105.394	61723.012	275118.366	NA	46470.898	NA	309788.463	NA	79238.287	324484.319	282501.464	136314.41	48025.467	NA	121353.601	NA	NA	NA	143739.48	NA	25047.564	NA	221846.951	NA	261758.671	172488.446	NA	79707.51	NA	311808.001	NA	NA	NA	NA	NA	247563.823	NA	50713.695	NA	NA	NA	NA	30135.985	NA
id72	salicylic acid	NA	NA	22813	NA	4749.79	NA	12253.715	NA	NA	NA	21182.758	NA	17991.245	31332.142	14721.917	24459.537	9465.714	NA	23367.246	NA	NA	NA	NA	NA	6130.974	NA	17810.124	NA	32709.705	30342.123	NA	NA	NA	29419.295	NA	NA	4087.765	NA	NA	21092.004	NA	9287.61	NA	NA	NA	NA	NA	24368.017
id73	aspartic acid 1	571049.98	23956.898	1274439.82	29858.99	358372.675	1036197.75	1004452.8	80479.069	298514.904	10202.386	630610.301	54372.599	838316.215	1130362.79	816472.101	1201289.06	1522126.6	16789.387	2021314.3	128950.798	410991.482	88141.647	1137228.32	26719.867	737989.659	48503.645	791675.919	368581.535	2845392.06	4594487.72	50183.764	312063.941	126150.456	1804630.44	50210.07	89943.024	60336.957	104905.802	351877.866	717978.75	65800.801	1380602.26	8111.566	161137.431	55903.67	18454.944	687215.874	1765356.68
id74	oxoproline	3117245.31	3954749.87	3147471.88	3451662.65	1689148.32	8096879.4	5506278.44	3135982.1	1403973.48	1835790.18	3564437.05	2506020.99	4278069.47	4551093.64	4007097.25	5723804.52	4022441.58	1906158.62	6734252.11	3611050.11	5485280.29	2618675.04	5095242.9	1495925.04	2656810.37	2506584.83	4339292.72	4945027.08	4443578.29	6585199.62	2436200.96	1486572.68	2330519.79	4295719.66	1321792.63	2301417.64	2203776.65	2476446.29	4637182.36	2466208.19	2692870.25	2399232.58	1112706.65	3623511.14	1631295.87	1049689.1	2654024.79	4678693.6
id75	4-aminobutyric acid 1	6583418.7	6559937.45	12945195.5	5722587.07	10448190.5	13605620	15046951.1	11530710.9	13426842.5	4210901.98	15320613.5	7392268.34	14645247.7	16841948	13963766.6	17135088.9	15108268.2	5397353.28	13136651.5	8938835.22	13639220.3	9071746.63	14695294.3	5978411.45	14707661.7	6692967.64	15474705.9	11402744	3396802.61	21772614.9	10666960.6	13832152.7	14636618.5	18448901.5	9373536.94	6976898.77	6152374.9	9721624.6	13240149.2	16620188.2	7901896.23	16823084.8	3850187.41	10128208.7	8623481.52	4548177.47	13399904.6	12291630.8
id76	4-aminobutyric acid 1	NA	NA	NA	NA	NA	NA	NA	NA	NA	NA	NA	NA	688847.699	NA	NA	NA	NA	NA	NA	NA	NA	NA	NA	NA	NA	NA	NA	NA	NA	NA	NA	NA	NA	NA	NA	NA	NA	NA	NA	NA	NA	NA	NA	NA	NA	NA	NA	NA
id77	trans-4-hydroxy-L-proline 2	NA	12641.729	13989.523	17110.28	9039.185	15942.356	12436.171	NA	12840.783	4083.937	21509.426	NA	19143.477	17229.751	14861.359	13837.783	13872.257	NA	13226.954	NA	NA	NA	NA	NA	7344.4	11798.519	21117.795	NA	16650.972	NA	NA	NA	NA	17023.447	NA	NA	9853.174	NA	NA	21451.451	NA	NA	NA	13762.848	NA	NA	9008.533	11802.698
id78	4-Hydroxyquinazoline	NA	54843.094	78838.744	62134.886	139189.296	239133.451	107341.791	37297.43	144819.237	50430.034	81286.348	41920.076	88263.646	102745.883	89964.898	90378.536	82683.208	70570.94	39376.874	56136.603	48130.914	34354.505	166019.86	29449.476	35819.5	75588.341	105517.948	57930.324	76833.127	107242.564	50539.26	25502.554	34998.923	107462.336	27630.404	40008.311	54044.963	38933.696	53131.333	NA	58407.711	NA	43337.535	43684.619	41700.868	49927.337	118459.642	48554.735
id79	Maleamate 1	NA	871.955	213839.03	1190.434	165848.514	136223.328	287842.429	20790.551	297086.283	798.786	165139.71	NA	267641.466	296436.849	129021.612	166816.551	152003.814	NA	161637.752	6050.432	208688.17	10923.666	93598.385	2676.143	41219.494	17988.286	293445.927	88315.549	288513.401	440111.113	3173.047	84935.574	17923.225	468006.551	9279.752	49139.875	3688.385	32020.592	188111.011	91773.085	9479.452	58842.442	4772.026	23006.333	12302.88	8340.422	154545.738	149537.119
id80	N-Methyl-L-glutamic acid 2	24805.247	94252.802	71666.747	82167.581	202739.479	84952.513	100957.972	77963.274	229866.081	90275.272	109873.199	90083.787	87587.457	122536.955	120015.577	108723.575	NA	91279.806	45966.096	73595.985	91478.437	85596.173	117558.987	83083.703	27867.617	90228.937	158506.817	103587.012	138842.886	177903.991	90216.566	14232.806	85535.817	174128.361	87938.899	87062.579	78831.321	75895.092	98950.477	80408.546	73592.911	36519.365	71767.02	73984.748	73072.822	73504.848	177529.247	41091.534
id81	Menthone 1	11630.967	NA	14110.448	NA	18324.646	21575.81	18100.74	NA	28766.106	NA	16339.553	NA	24158.059	17287.102	19294.841	17071.337	8014.088	NA	6812.345	NA	NA	NA	13982.122	NA	5132.08	NA	18364.495	NA	17662.044	18682.133	NA	4131.165	NA	15495.192	NA	NA	NA	NA	NA	15415.864	NA	NA	NA	NA	NA	NA	13306.511	9750.599
id82	Threonic acid	278672.086	105289.168	287507.695	72754.37	381569.741	341391.267	228433.032	143756.778	253242.56	84309.141	288651.12	106529.222	271559.5	333326.43	240659.226	251328.244	223416.738	90499.531	186167.945	68054.823	155817.537	67198.895	220083.561	80120.653	202016.669	77558.247	272412.744	125801.229	336802.32	509763.589	86179.913	131562.972	108634.008	335272.995	238554.752	108500.259	59614.008	100773.881	223628.858	228450.115	70317.4	132208.547	65613.028	85560.339	110490.242	91312.82	305866.586	132172.406
id83	phenylalanine 2	444980.592	162779.393	600420.906	109198.552	547312.288	744265.998	373523.652	162590.422	472576.412	102869.305	453094.982	135685.732	396644.956	473860.926	349181.114	394828.904	112106.15	NA	92304.973	102860.663	113858.188	109583.082	253654.964	84401.807	366395.574	110395.183	337385.71	106016.119	370124.92	393666.022	123879.849	39594.543	123947.989	280103.921	98330.589	106352.821	53752.87	92250.438	116512.372	313565.666	90049.77	117183	36450.343	80160.583	87689.665	47104.587	357764.1	NA
id84	2-hydroxy-3-isopropylbutanedioic acid	42404.984	7271.981	32166.741	4709.237	37498.708	34635.011	37466.868	6893.994	47557.522	NA	32043.853	NA	44612.021	35524.496	38571.732	37089.552	52221.669	4592.091	NA	4500.939	NA	4019.925	34448.263	NA	52008.232	NA	NA	NA	33145.447	30977.948	7678.6	62852.4	NA	31851.517	3987.551	NA	NA	NA	NA	NA	NA	52721.995	NA	NA	NA	NA	NA	NA
id85	alpha-ketoglutaric acid	623603.64	33025.89	353118.241	40117.292	339875.985	427310.061	391176.378	9057.822	532810.374	2520.467	401037.832	10184.02	500669.659	370453.099	372360.739	368650.737	557239.731	10910.637	338570.377	55787.764	21502.709	15969.669	267776.984	NA	457696.439	17768.894	422837.7	34843.366	350499.502	338854.125	6233.781	633948.798	9829.64	336114.874	NA	9927.243	17926.93	10522.122	21375.861	213853.19	23557.448	461856.89	NA	38289.557	5391.756	NA	333878.846	301222.86
id86	Dodecanol	178709.579	NA	147378.579	NA	108026.466	150534.154	166875.469	NA	146945.047	NA	191615.248	NA	182769.168	205066.861	140463.576	120091.115	216856.384	NA	113352.066	NA	NA	NA	77753.822	NA	129606.094	NA	162897.65	NA	156853.825	129922.826	NA	191351.91	NA	179258.84	NA	NA	NA	NA	NA	97265.888	NA	197767.934	NA	NA	NA	NA	96740.83	72042.625
id87	(2R,3S)-2-hydroxy-3-isopropylbutanedioic acid	857068.243	NA	858609.163	NA	582054.49	568430.228	1121645.98	NA	1085059	NA	754534.789	NA	1311836.76	1019788.8	1074974.3	588695.307	797292.19	NA	466499.334	NA	NA	NA	592057.521	NA	815856.856	NA	1133895.63	NA	1143666.46	570711.362	8254.22	1286835.1	NA	1170788.32	59703.222	NA	NA	NA	74950.44	582981.617	NA	934984.253	NA	NA	NA	NA	584143.691	351598.428
id88	MALONAMIDE 2	NA	NA	7017.566	NA	8323.795	4983.964	11518.937	NA	9195.251	NA	10257.359	NA	9015.746	12419.145	10060.29	6497.256	NA	NA	3627.211	NA	NA	NA	6060.888	NA	7914.795	NA	8697.379	NA	7299.735	6120.511	NA	9414.164	NA	13375.134	435.311	NA	NA	NA	NA	4352.589	NA	NA	NA	NA	NA	NA	NA	NA
id89	pimelic acid	27756.592	9697.386	34208.584	5938.204	33922.955	31138.884	29736.107	732.232	43445.287	4407.408	39915.452	253.244	39908.896	42298.759	32541.826	32182.667	39582.156	1354.868	60743.468	6914.426	420.487	368.527	29090.543	597.199	36389.112	596.962	37510.079	5347.37	30780.071	30938.786	3835.272	36795.968	453.976	34589.294	0	85.678	2954.062	2896.031	1386.913	NA	256.67	45123.356	4162.288	371.67	0	712.518	27702.786	7567.966
id90	1,2,4-Benzenetriol	12028.368	9293.892	10709.013	8540.303	10146.232	10454.217	11201.056	11531.849	14931.877	13395.057	18107.849	14719.297	16905.429	15225.532	13264.138	11095.664	15562.747	13351.111	19321.021	11681.092	11876.995	13181.639	14668.269	12817.123	16201.369	15005.572	17566.938	14422.01	12876.388	14383.778	13927.826	20579.316	16876.848	20403.395	18415.901	16688.914	13552.449	15674.01	18472.008	18096.829	NA	21353.008	13979.138	15815.786	15203.868	18654.494	21830.477	3698.228
id91	3-Phenyllactic acid	36624.685	39411.14	43509.57	40214.363	31669.226	32347.538	36640.822	31960.367	41347.413	36531.98	46608.971	36612.925	43077.136	39341.562	39003.882	40519.019	37305.792	40428.186	51175.007	29518.52	28396.914	32546.954	36376.632	33736.45	44844.603	35497.014	40859.821	39362.755	34257.413	30779.349	33094.797	41101.441	31070.192	40319.776	31690.2	29376.268	27604.393	28488.948	33586.116	32768.393	35357.825	43157.665	34030.622	28617.743	30997.272	32339.697	29438.734	NA
id92	Digitoxose 2	31292	30556.111	32275.956	26094.199	27006.547	37027.988	37284.199	25560.662	42471.142	29935.216	45377.004	21945.452	45136.044	52984.333	49072.525	44059.131	46581.432	29497.804	73508.788	36247.933	27175.988	24346.538	42535.874	20422.421	58958.978	28053.652	62195.925	32260.209	53235.135	49997.567	47064.897	66544.181	38544.865	77051.331	70818.04	29873.98	35696.663	23488.506	25649.038	40408.5	31242.731	76058.952	35802.092	39191.407	27013.568	33119.375	66956.981	35048.984
id93	hexadecane	92619.778	231631.322	42775.866	356155.493	454873.202	240524.993	292015.374	399318.717	NA	347783.794	275031.03	125753.685	NA	547738.589	51425.04	122104.385	401773.411	NA	256056.655	127687.756	162294.611	41704.899	220056.047	212367.795	101410.231	164081.509	89056.391	244278.186	111053.648	145186.142	442733.464	82491.661	120736.399	128381.295	434717.763	NA	NA	183134.005	78640.68	275539.944	NA	85550.527	NA	174385.627	NA	NA	145812.294	441810.372
id94	glutamic acid	80038.212	NA	87949.804	NA	120211.533	205719.977	199826.884	37286.901	110820.693	NA	94180.511	15591.099	120172.882	155796.064	124279.331	187100.057	281268.948	NA	414148.836	41640.598	158837.3	31032.145	162058.662	NA	212575.954	36988.522	125545.165	104788.408	134299.794	261376.246	37615.202	151195.496	55294.26	158197.681	27938.449	42259.645	22282.677	35847.018	102997.736	64901.838	34960.497	198585.949	8402.528	66047.144	30970.545	NA	207414.395	318051.659
id95	D-erythronolactone 2	120212.237	133805.78	148742.015	120785.588	118193.897	110317.669	140288.246	108819.764	152306.433	113179.843	163974.779	96110.477	161258.853	152448.449	151446.675	142240.031	119022.916	129433.375	161197.908	93445.265	98584.808	99589.488	137797.162	94106.524	143506.422	133154.938	149961.983	113305.029	131319.933	112011.933	91639.518	125843.517	98313.263	154935.852	95402.558	108762.062	105865.314	86419.993	129300.475	112762.482	122156.713	125096.528	118030.194	90399.147	99185.857	117921.962	104651.081	207284.789
id96	tartaric acid	31130.806	9870.761	25820.57	9877.678	26742.112	NA	NA	4821.533	NA	8559.657	NA	5364.267	32649.247	35418.008	29065.51	33883.662	46248.35	7487.861	35490.406	11975.473	4951.273	4592.511	31490.261	5064.364	23543.682	10112.029	31208.78	5507.984	32617.541	45852.748	10933.218	24249.818	6416.104	44876.48	9291.989	NA	13055.326	5938.423	5989.558	27649.532	8626.678	18867.047	5454.49	10226.623	4541.615	4417.801	18756.612	34462.211
id97	allose 1	23847.881	215313.369	31760.9	148465.31	23473.997	NA	24455.158	119607.922	44141.577	192802.694	NA	84740.988	78904.8	91670.82	83495.267	30220.91	39333.755	112182.098	172234.106	89384.263	54306.749	49439.395	NA	66466.591	NA	99116.785	NA	85538.168	39225.841	NA	184795.004	27420.424	97268.868	39699.098	51251.726	73284.676	121089.557	70679.485	78757.493	22307.319	110595.776	40550.066	146548.666	99977.361	76355.095	104482.107	139089.629	40361.777
id98	4-Hydroxy-3-methoxybenzyl alcohol	50605.695	NA	69037.793	NA	57785.68	46983.617	92930.214	NA	76951.102	NA	84967.322	NA	88946.409	95872.543	71478.432	57298.55	51146.94	NA	52827.554	NA	NA	NA	45603.395	NA	46587.833	NA	70492.203	NA	45860.078	37609.049	NA	53730.643	NA	71193.795	NA	NA	NA	NA	NA	40662.247	NA	31267.935	NA	NA	NA	NA	29410.931	52626.777
id99	4-Hydroxybenzoic acid	NA	27173.025	19612.753	29723.309	NA	24518.074	21020.106	38888.67	30873.897	59266.344	47041.065	58579.176	NA	42882.431	36275.469	NA	47126.003	56574.182	64658.425	45079.454	62559.798	52462.849	43908.575	45331.711	48227.523	68020.89	50633.247	88281.85	58400.607	61106.42	48640.112	54903.8	60899.358	68869.722	126432.603	77881.222	68053.311	85379.638	104611.532	74741.369	96786.974	72399.948	59416.728	67427.689	84622.214	72061.788	65121.647	75932.004
id100	3-ureidopropionate 1	62238.099	NA	103850.282	NA	59100.935	60968.084	119005.012	NA	107774.867	NA	87681.767	NA	NA	127744.466	138265.454	65768.269	73944.978	NA	65273.656	NA	NA	NA	56560.66	NA	63307.342	NA	141161.664	NA	147226.699	63755.603	NA	115677.427	NA	145533.062	NA	NA	NA	NA	NA	64562.233	NA	62479.726	NA	NA	NA	NA	51490.171	76080.596
id101	1,3-diaminopropane	105190.312	NA	205528.65	11659.613	154949.304	289979.192	287785.064	5757.877	239974.5	NA	297537.094	22993.913	354123.569	395320.406	302939.73	270284.636	330788.11	9275.349	330350.106	17279.552	11081.336	NA	252457.245	NA	283784.728	8761.921	314927.801	78011.742	380214.144	332784.323	NA	307552.126	8649.41	421635.198	NA	9371.537	6177.549	19948.409	32413.25	239211.321	10835.863	304062.776	4257.455	25169.522	9042.685	4618.917	225262.002	312400.781
id102	xylose 1	691901.897	606333.52	1294527.2	545757.335	888254.03	927361.807	1217671.42	720400.321	1429458.98	570413.014	1396410.64	639166.339	1212642.83	1505339.37	1110014.3	910982.318	934108.199	647077.167	1038889.06	579069.112	790420.056	549121.119	653856.546	486160.439	860622.642	659346.678	NA	643677.879	1490059.06	919927.493	531090.792	1105523.94	547731.057	1496256.5	2329665.92	515466.433	413044.976	547136.159	1061940.49	1540597.27	688061.811	1137003.13	403487.959	555057.29	455431.571	391924.435	739723.215	833561.485
id103	Lyxose 1	1225809.75	1308824.15	1959951.44	1135344.44	1476069.91	1505632.75	2626037.65	1223445.57	2953465.33	1527271.71	1818746.63	1691117.73	2563037.5	1860569.62	2304861.87	1465758.45	1407506.51	1571725.93	1691605.31	1282241.04	1526247.41	1229920.23	1280388.97	1160636.58	1732102.21	1446098.7	2374470.79	1728017.94	2605002.84	1480145.34	1092190.7	3442750.98	1374715.26	1952157.29	12794640.9	1349181.24	930024.747	1591266.49	2657119.88	2723500.78	1771230.85	1804232.74	1021832.02	1098237.96	1802995.26	1101545.58	1560141.21	1543047.76
id104	lauric acid	NA	35436.069	NA	NA	NA	NA	NA	37088.547	NA	32366.371	NA	34613.98	NA	NA	NA	22919.771	25401.096	NA	NA	26884.432	39458.901	NA	21710.7	33451.543	28256.394	NA	NA	NA	NA	NA	31628.574	NA	34167.979	NA	NA	NA	NA	NA	NA	42294.277	NA	NA	NA	26153.486	NA	NA	NA	24499.104
id105	5-Aminoimidazole-4-carboxamide 1	17511.809	NA	19143.352	NA	9887.899	41121.229	20444.061	NA	12655.469	NA	28018.982	NA	13942.443	35222.957	13942.716	19055.995	24194.157	NA	25340.475	NA	NA	NA	10705.966	NA	10260.556	NA	NA	NA	14014.809	31431.487	NA	12006.762	NA	NA	NA	NA	NA	NA	NA	3281.582	NA	11360.879	NA	NA	NA	NA	5962.789	16285.558
id106	1,2-Cyclohexanedione 4	11529.749	9682.365	11796.556	12873.16	14727.176	NA	12107.972	7606.214	14553.002	10744.929	9960.7	NA	13903.311	12332.706	8469.782	14783.833	29218.242	NA	17433.83	10683.99	NA	NA	14351.552	NA	14994.188	9830.038	14914.1	13936.934	14345.37	22359.783	NA	15126.104	NA	9469.877	NA	NA	9113.539	NA	10908.552	11148.193	10470.515	18808.629	NA	7919.454	NA	5184.957	14001.547	17906.956
id107	ribose	994578.504	821646.805	1339145.15	783607.627	988160.124	1108770.25	1609733.45	1037966.23	1747925.1	872422.744	1523050.17	1038464.82	1451309.75	1695203.58	1323132.21	1094752.67	1092203.15	973705.017	1296084.94	651941.854	1269231.42	598806.662	862197.986	603881.656	1172667.45	762266.886	1472456.47	1150017.13	1713351.43	1066543.4	730479.736	1586867.41	775935.931	1590907.41	4535390.48	1007670.34	591416.888	827051.356	1438624.31	1729344.44	700457.036	1325708.11	517674.699	712335.92	685453.14	749550.092	968213.958	1003165.02
id108	N-formyl-L-methionine 2	90156.853	102235.619	103457.826	102013.741	92221.812	100400.45	106981.73	93641.302	121480.505	93041.315	128703.471	89048.473	11661.387	131786.505	116447.146	116457.206	109733.311	96114.656	125471.541	77239.404	86723.634	83025.509	110735.865	87367.259	102471.983	87788.768	90993.908	106539.672	92017.892	112806.71	91464.342	70272.001	94881.514	122043.227	109126.639	89506.965	76983.796	71193.683	84707.093	87247.417	76014.605	95012.942	77054.14	70385.528	73611.044	72517.777	89907.02	89040.963
id109	Ribonic acid, gamma-lactone	27126.091	15007.213	18925.202	15104.936	27576.355	42368.846	32683.942	11250.93	31583.09	11686.044	22059.014	10726.941	22488.372	27189.14	17799.618	NA	NA	NA	NA	NA	NA	NA	NA	NA	NA	NA	NA	NA	NA	NA	NA	NA	NA	NA	NA	NA	NA	NA	NA	NA	NA	NA	NA	NA	NA	NA	NA	NA
id110	cis-1,2-Dihydronaphthalene-1,2-diol	NA	7142.524	NA	7991.257	6157.846	NA	12645.621	29153.378	NA	18705.517	10058.924	35409.421	21165.678	15596.07	28968.116	23720.841	13517.787	37659.959	12931.222	23529.543	68022.989	59233.98	19871.396	53778.193	23181.324	38967.71	27967.619	72499.036	36026.394	12292.457	24825.201	28247.362	39071.87	47234.458	63299.221	66527.842	21758.676	55786.927	80667.613	27671.758	35299.84	31710.149	19715.336	NA	50494.252	26748.324	25646.537	18965.271
id111	N-alpha-Acetyl-L-ornithine 3	26399.664	134375.337	25837.859	79287.502	37529.363	38551.275	12866.589	59102.971	35454.464	117642.935	26715.723	45703.932	12449.631	21558.753	21120.685	24872.789	21697.158	68171.12	74333.424	41235.754	15994.963	25367.626	28303.006	29245.374	29730.378	51457.479	18952.061	46507.321	22900.068	31848.189	111650.969	NA	44062.15	22428.656	9610.118	32425.206	62142.356	39655.544	34038.026	11722.834	57737.228	52039.579	79334.427	52288.096	36026.677	48143.431	56432.277	23059.327
id112	xylitol	NA	NA	10019.2	NA	8552.387	10323.403	12896.727	9745.036	13434.262	NA	14497.25	NA	14712.442	12493.852	11574.525	9228.294	10957.645	4019.587	NA	NA	NA	NA	9871.207	NA	12520.865	NA	14567.53	NA	14278.122	10170.645	6341.015	17513.937	NA	15330.323	NA	4435.849	3130.584	3969.086	10333.463	9843.39	3919.726	NA	4497.821	NA	NA	NA	NA	12713.225
id113	Acetol 4	NA	751062.509	NA	444213.339	NA	212115.787	NA	329101.06	NA	NA	NA	NA	NA	NA	NA	NA	114533.402	366743.1	425757.563	238026.154	86150.945	124551.923	NA	159823.024	185390.96	264002.083	NA	244236.747	NA	181253.287	595814.746	NA	235076.186	NA	NA	173452.219	351402.998	213894.905	175580.628	NA	315611.244	298085.221	442352.244	292708.03	187480.839	257992.383	331990.296	125095.302
id114	Levoglucosan	248456.876	NA	374349.674	129971.728	247946.734	177552.718	374082.286	NA	388756.232	153467.484	362630.458	101102.879	464706.966	505242.103	430823.76	241456.729	149901.287	120630.464	186084.973	117471.161	73765.747	77985.173	217372.621	87498.727	205170.473	112797.997	459279.256	97994.924	380114.221	177955.786	149571.67	306730.195	111479.836	556349.611	95916.708	103107.861	116441.478	79053.255	80298.962	344679.755	114117.594	213006.83	115176.357	2017.252	72385.092	90885.778	192463.182	156432.187
id115	ribitol	266823.563	NA	NA	NA	NA	NA	NA	NA	NA	NA	NA	NA	NA	NA	NA	NA	NA	NA	NA	NA	NA	NA	NA	NA	NA	NA	NA	NA	NA	NA	NA	NA	NA	NA	NA	NA	NA	NA	NA	NA	NA	NA	NA	NA	NA	NA	NA	NA
id116	IS	2328021.74	2308104.3	2409857.66	2177107.11	2470823.58	2400745.89	2437102.57	2192322.57	2554047	2317250.05	2554815.59	2117563	2585179	2596247	2546566	2174317	2444714	2290834.54	2628476	2225150	2256088	1917193	2085229	2114843	2456921	2279526	2624334	2199821	2520943	2503085	2431337	2610520	2189157	2553676	2373737	1981429	2253339	2097687	2282676	2511362	2325138	2596909	2225422	2307379	2138293	2184643	2589015	2485870
id117	Orotic acid	17017.913	NA	44581.653	NA	18027.412	21035.098	41713.429	NA	30026.176	NA	19786.87	NA	48628.828	30262.197	NA	27962.541	21178.135	NA	23482.534	NA	NA	NA	14372.452	NA	21283.13	NA	36724.284	NA	30571.255	20150.598	NA	42945.458	NA	32890.617	NA	NA	NA	NA	NA	9476.046	NA	12767.69	NA	NA	NA	NA	12427.998	21403.459
id118	6-deoxy-D-glucose 2	133431.411	51007.553	144600.351	45828.396	123116.059	125822.309	86720.92	35216.901	155122.832	51714.01	129816.351	33518.491	NA	163549.249	NA	129679.835	NA	46823.988	144846.885	NA	NA	NA	NA	NA	NA	NA	NA	NA	NA	NA	NA	NA	NA	NA	NA	NA	NA	NA	NA	NA	NA	NA	NA	NA	NA	NA	NA	NA
id119	Diglycerol 2	298513.093	15591.025	323830.668	NA	289274.008	361892.2	349276.395	15660.256	334764.191	16505.458	265644.035	20739.227	400874.818	407223.6	352040.124	309897.455	459504.47	19831.951	320077.835	18464.397	18256.664	14137.776	262188.418	11192.566	312012.835	26910.685	368391.893	23922.405	447549.354	384553.845	21361.783	416114.359	20623.168	410731.137	8836.967	22230.908	17527.825	19481.821	44770.275	234254.268	18168.304	328735.266	17628.115	18069.979	20290.936	16158.687	277772.694	356765.826
id120	Aconitic Acid	58694.465	NA	87040.764	NA	68090.852	NA	NA	NA	79406.58	13505.119	NA	NA	NA	94309.739	NA	NA	86158.198	NA	NA	NA	NA	NA	NA	NA	NA	NA	NA	NA	93778.777	NA	NA	86266.154	NA	85678.916	NA	NA	12792.437	NA	16742.202	55139.446	NA	68325.529	NA	18912.756	NA	NA	NA	72399.341
id121	citrulline 2	509868.946	465012.147	546301.613	480570.923	519887.85	547845.39	541377.425	457222.349	599812.678	441126.217	656410.647	408233.502	586947.736	670604.973	548386.081	606920.808	566396.693	451322.833	588231.87	393072.728	418101.82	408157.117	574025.838	435208.698	598362.189	446445.062	566143.661	482354.938	587250.111	564998.82	424564.528	470512.78	431423.974	656444.899	458701.637	434380.845	409011.916	399476.277	476463.445	500290.237	422721.616	523385.204	435566.858	385944.79	382602.001	396672.405	465443.929	501579.05
id122	Glucose-1-phosphate	2846184.61	6569394.14	2891775.9	5476221.1	2943475.04	4265385.2	2231826.34	2981191.68	2198631.81	4819912.61	2957422.02	2051347.69	2187704.15	3142950.28	2760089.4	2569570.06	2973331.32	3013383.41	5341146.03	4671457.69	988089.999	1164179.89	2798124.81	1441216.31	2800351.35	3094443.8	2636600.68	1729327.43	3342271.97	3513186.7	7153217.24	1899070.2	2543489.56	2921398.02	561184.981	1822531.55	5519431.17	1782676.76	1411323.72	1920357.11	3190823.64	4302229.71	4146986.9	4431999.55	1774821.13	3110714.99	3977799.91	2393874.55
id123	D-(glycerol 1-phosphate)	250230.061	94903.065	307458.902	81898.935	156638.175	275314.623	269076.851	NA	209060.427	33756.379	314995.862	22146.851	237493.226	378593.717	201184.48	197435.647	355522.281	41669.465	270884.759	88972.164	31402.291	23112.64	136993.467	10532.365	170052.674	44814.223	232882.97	43156.094	246546.588	341582.144	43192.472	261360.023	16868.37	312790.178	NA	19198.484	48451.946	16110.403	27008.454	199086.392	63887.074	223104.003	22636.972	87673.08	13903.801	20550.295	104594.987	195200.436
id124	Glucose-1-phosphate	2532499.88	1629324.5	4864314.62	1609419.76	3176756.95	2703090.35	5358000.79	1302545.35	5413540.75	2036399.72	5971385.05	1429695.76	6949973.78	8306387.37	7320117.92	4471843.22	3437161.2	1809053.79	3857382.32	1871918.41	922040.787	959742.797	3821321.86	1060728.41	4171192.96	1975308.72	8285802.96	1593248.19	6773142.61	4495306.55	2481293.59	6048437.9	1511703.76	10121330.7	1716219.16	1610854.7	2084705.86	1233944.14	1228348.94	6500060.17	1921418.29	4640000.73	2073336.59	1709282.15	1041729.93	1664488.49	4897402.61	3939151.7
id125	2-Deoxy-D-galactose 2	105108.908	NA	NA	NA	NA	NA	NA	NA	119325.705	NA	NA	NA	NA	NA	NA	NA	NA	NA	93156.122	NA	25979.923	17449.475	NA	17198.984	NA	NA	NA	NA	120443.946	74387.394	NA	133522.217	NA	127915.209	53827.011	NA	NA	NA	36477.863	NA	NA	NA	NA	NA	NA	14044.745	83762.922	NA
id126	3,6-Anhydro-D-galactose 4	NA	0	NA	301.03	44575.081	368.32	61700.326	9129.374	81738.284	421.98	80825.064	11821.535	NA	94396.258	75741.262	54248.182	56243.776	11745.136	NA	NA	NA	NA	NA	NA	NA	NA	NA	NA	NA	NA	NA	NA	NA	NA	NA	NA	NA	NA	NA	NA	NA	NA	NA	NA	NA	NA	NA	NA
id127	Dehydroshikimic acid 2	114266.304	NA	112047.947	NA	115693.027	111343.825	112552.873	NA	137092.407	NA	176949.712	5235.977	124896.305	160265.331	102242.485	121737.648	130898.983	NA	163586.604	NA	6067.16	NA	83364.855	NA	127464.2	NA	126959.769	5006.086	106690.683	123263.968	NA	117254.354	4507.59	171148.46	12081.62	NA	NA	NA	7635.164	135771.62	NA	110995.361	NA	NA	NA	NA	67595.518	95359.695
id128	alpha-D-glucosamine 1-phosphate	NA	0	90479.904	5750.442	67607.154	5002.381	NA	NA	92921.543	7420.315	88406.003	NA	NA	177466.009	113116.172	NA	NA	NA	72864.454	NA	8292.108	NA	96901.892	NA	78398.245	11840.045	116654.499	8949.023	109111.585	77192.54	8486.721	125220.171	9559.131	120338.93	6331.777	8069.847	9312.651	6320.477	14804.166	62337.491	8495.984	65770.83	7240.548	6370.926	8352.523	6764.009	48525.786	78963.443
id129	shikimic acid	52772098.7	994538.629	NA	729008.167	NA	40508775	43041086.2	739470.514	41521863.8	819122.775	5726765.72	NA	NA	51785182.1	NA	NA	NA	NA	NA	NA	NA	NA	NA	NA	NA	NA	NA	NA	NA	NA	NA	NA	NA	NA	NA	NA	NA	NA	NA	NA	NA	NA	NA	NA	NA	NA	NA	NA
id130	citric acid	31783224.9	10961529.5	26671617.4	9668737.39	25900279	25461343.5	26767841	3005566	32488931	5411580.48	26448561.5	3368555.54	25845078.9	27392201.8	25557355.4	NA	27929705.5	2654451.15	31828099.6	10524059.4	2908143.65	2878997.76	NA	NA	NA	NA	NA	NA	NA	NA	NA	NA	NA	NA	NA	NA	NA	NA	NA	NA	NA	NA	NA	NA	NA	NA	NA	NA
id131	isocitric acid 2	2033746.1	209528.062	2238103.67	NA	1273061.55	2190383.84	1432390.56	NA	1276376.75	NA	2182681.68	NA	1223670.09	2428750.58	NA	NA	NA	1311.019	NA	NA	NA	NA	NA	NA	NA	NA	NA	NA	NA	NA	NA	NA	NA	NA	NA	886.714	NA	NA	158999.989	NA	NA	NA	46000.908	NA	25489.518	NA	NA	NA
id132	N-Acetylisatin 3	NA	NA	83288.867	8464.83	56773.211	33338.651	76871.712	NA	80448.065	NA	65780.271	NA	82319.188	86396.693	NA	60675.885	38263.911	NA	78790.603	NA	NA	NA	NA	NA	59444.858	NA	79527.226	NA	97226.556	NA	8156.501	73460.448	NA	106195.726	NA	NA	4981.432	NA	NA	61004.175	NA	69650.032	NA	11305.956	NA	4667.222	55732.294	61792.463
id133	1,5-Anhydroglucitol	1558232.6	NA	1030832.1	340978.014	NA	NA	1003327.93	NA	NA	NA	NA	NA	NA	NA	NA	NA	NA	NA	NA	NA	NA	NA	NA	NA	NA	NA	NA	NA	NA	NA	NA	NA	NA	NA	NA	NA	NA	NA	NA	NA	NA	NA	NA	NA	NA	NA	NA	NA
id134	Dehydroascorbic Acid 1	NA	NA	NA	NA	85145.406	NA	NA	NA	NA	NA	NA	NA	NA	232735.587	NA	114880.263	NA	NA	NA	NA	NA	NA	NA	NA	NA	NA	NA	NA	NA	NA	NA	NA	NA	NA	NA	NA	NA	NA	NA	NA	NA	NA	NA	NA	NA	NA	NA	NA
id135	quinic acid	NA	1994160.94	18101241.6	1437074.02	20614528.8	8533387.5	9133942.26	2004816.29	8304520.22	1411597.28	19531062.1	1715630.44	14993368.5	10185242.7	16167613.7	8551130.16	9125363.53	2168031.97	18256571	1320516.34	3271355.72	1191335.92	17664592.6	812889.078	13049221.4	1406443.12	11394063.5	1683421.34	13793032.5	10521568.9	1327914.97	NA	1639543.62	10350401.8	1300861.82	1512141.7	1015174.96	1615376.91	3361715.62	15486292.1	1362795.8	9526540.75	1317024.75	2152536.78	1053302.41	1244460.97	984794.21	20463532.3
id136	fructose 1	NA	97460257.9	104425561	85451274.6	NA	96958487.7	NA	NA	NA	NA	NA	NA	NA	NA	NA	NA	NA	NA	NA	NA	NA	NA	NA	NA	NA	NA	NA	NA	NA	NA	NA	NA	NA	NA	NA	NA	NA	NA	NA	NA	NA	NA	NA	NA	NA	NA	NA	NA
id137	fructose 1	NA	1546916.96	2425480.08	2195952.57	2820308.92	2202804.49	1956121.81	1848752.46	2131133.45	2202642.38	2327378.54	NA	704287.768	2119789.54	NA	2141994.16	1624130.67	2181613.87	2702414.95	2041641.93	NA	NA	2516290.73	NA	2167351.24	NA	NA	NA	NA	NA	NA	NA	NA	NA	NA	NA	NA	NA	NA	NA	NA	NA	NA	NA	NA	NA	NA	NA
id138	Gluconic lactone 1	287224.658	NA	117080.309	111221.333	191064.607	208733.489	74660.123	107238.832	185564.002	98207.532	452321.492	NA	134772.787	402281.062	230476.754	82765.693	NA	149578.576	348911.129	113506.252	110498.368	NA	82654.994	56761.75	165840.344	137503.26	221570.267	124188.126	213396.007	264951.521	64844.071	202847.843	112202.142	297338.247	NA	91970.679	123096.388	NA	136663.532	174830.813	144701.993	NA	NA	74235.321	NA	51052.887	NA	209010.185
id139	glucose 1	29130367.5	40833715.6	37939115.6	27401000.9	37291822.7	42062734.9	NA	22045501.7	42160830.9	27695327.5	33273923.5	20635694.4	38307033.6	34952707	48017083.1	31952526.6	25324564.6	27404157.8	41884448.3	24524116.3	19355393.9	15403273.6	34390640	15608891.8	41102087.8	23141305.1	45056577	20525333.1	55905045.5	23998242.2	34181742	NA	19584688.4	37027777	41955831.8	19313221.9	23744020.3	NA	20116229.8	31716339.2	22550590.3	40354314.1	26619815.2	28818022.7	16991077.1	30553473.1	62915110.2	38726802.3
id140	L-Gulonolactone	NA	NA	32886.943	NA	NA	34529.731	NA	NA	NA	NA	NA	NA	NA	NA	NA	43216.831	NA	NA	NA	NA	NA	NA	24169.327	NA	NA	NA	NA	NA	32457.689	NA	NA	NA	NA	4888.889	NA	NA	NA	NA	NA	17586.871	NA	NA	NA	NA	NA	NA	NA	NA
id141	galactose 1	16764.395	63949.021	25368.854	11147.216	NA	NA	31671.155	NA	4769.006	12484.617	5875.184	26081.328	NA	3048.274	6981.725	25473.282	17506.41	11138.523	6192.914	12712.516	16568.503	12475.567	26427.691	17289.607	3846.448	17081.025	4366.186	29360.278	26698.451	26052.677	53336.27	5769.978	24342.802	5462.12	7742.658	35019.66	17886.322	33962.224	31032.712	37674.143	16208.312	7012.874	14856.447	13615.161	27372.315	13465.645	NA	NA
id142	mannose 2	449386.763	379999.299	527086.574	339226.002	NA	436211.743	487350.229	366329.63	553362.314	347062.033	490210.764	276127.71	569011.616	475143.176	600257.267	483108.45	377663.826	315615.725	480520.25	305730.645	266929.159	238291.762	484977.539	NA	570146.028	291801.68	579231.847	277655.313	526405.178	396201.568	378988.482	579874.986	286537.752	510848.071	721790.146	266606.456	312254.987	271071.884	288673.733	503071.727	302805.623	502575.618	331755.159	340554.025	256507.649	304801.265	3345.719	547140.708
id143	8-Aminocaprylic acid	10965.148	13825.247	39495.818	19765.251	NA	34158.492	56181.749	5955.312	NA	23700.004	7539.471	84681.54	NA	6789.73	NA	39131.408	39303.955	33746.168	8758.572	NA	94664.921	51013.757	40599.761	44358.274	10131.237	17825.09	NA	99955.15	44409.252	43588.19	14349.896	13691.469	69176.036	5484.392	NA	57539.11	18824.07	94852.278	142831.512	NA	NA	NA	NA	8892.381	103432.667	NA	NA	10520.873
id144	ascorbate	71911.448	NA	1198312.01	NA	86994.895	793094.346	1721563.62	NA	220634.44	NA	207206.614	NA	286488.392	254454.674	358552.136	1028677.29	88862.016	NA	151519.772	NA	NA	NA	105930.505	NA	106417.498	NA	304260.873	NA	222409.592	676499.482	NA	222699.697	NA	286045.014	NA	NA	NA	NA	NA	183612.197	NA	133905.732	NA	NA	NA	NA	165430.543	102492.59
id145	tyrosine 1	NA	217435.987	NA	49204.627	NA	NA	NA	295063.642	NA	49724.374	NA	211907.012	NA	NA	NA	NA	NA	65816.138	NA	NA	426581.991	150267.332	NA	95422.342	9115.392	NA	NA	378097.559	NA	NA	354258.209	NA	272309.385	NA	14368.051	192839.611	42781.996	222437.781	456139.272	38563.67	NA	NA	38445.689	126938.101	216342.138	127515.777	50477.649	14617.801
id146	Sedoheptulose	12650.53	NA	13846.3	NA	8971.341	7912.715	119364.525	498981.453	NA	156628.748	32888.172	NA	70357.323	16682.698	45739.016	NA	17970.963	83522.808	NA	NA	NA	NA	21056.883	343684.377	13512.82	15353.246	83146.617	NA	36117.713	17200.78	NA	17381.859	NA	37612.78	NA	NA	NA	NA	NA	39730.503	NA	17143.219	92556.074	NA	NA	263028.675	24293.439	18308.268
id147	4-hydroxycinnamic acid	14842.647	361906.286	25398.676	105061.211	22068.595	26226.174	171545.178	263386.769	31767.922	114859.749	42254.167	421544.461	30585.322	29686.988	39562.993	68377.117	31548.206	128973.533	50510.954	61126.142	435874.726	300687.276	36530.952	245025.968	34154.987	53282.648	42935.116	506983.469	31453.407	60026.086	302678.629	38730.997	356419.815	35934.78	27711.797	314511.226	83863.851	418500.063	608537.993	55524.393	62640.552	50061.544	105882.989	219335.366	385187.732	147893.363	69892.352	38925.809
id148	glucuronic acid 2	NA	NA	4972.501	NA	5981.341	NA	29148.693	NA	NA	NA	NA	NA	NA	3750.205	5279.62	9452.54	3438.064	NA	NA	NA	NA	NA	5744.963	NA	NA	NA	NA	NA	7217.612	NA	NA	NA	NA	NA	NA	NA	NA	NA	NA	NA	NA	7040.96	NA	NA	NA	NA	NA	4496.197
id149	conduritol b epoxide 2	38154.049	893588.011	83239.965	207379.88	101964.266	72547.97	432543.749	368137.385	128782.694	98099.448	101022.685	185842.037	97781.931	82432.476	166695.293	231151.943	74949.422	132395.154	178651.417	50078.826	172875.132	95739.564	112402.776	65177.553	120126.663	28264.711	134050.974	NA	86984.338	95084.4	386788.094	112742.428	NA	85236.546	55845.932	100741.552	132576.352	107368.158	NA	NA	NA	NA	NA	372152.407	NA	51146.418	NA	NA
id150	lipoic acid	32260.179	281284.645	36543.241	66031.13	28746.755	32174.412	206452.531	371139.698	37486.045	177006.67	44668.138	327385.577	32287.905	38170.123	41789.813	64407.01	32007.027	64965.316	52356.269	35086.751	328612.591	308746.254	46113.294	323561.224	34884.615	52679.557	34838.979	370543.303	33563.5	56705.394	182405.138	34337.917	350422.778	36549.101	25228.682	340628.379	99538.25	323366.704	404915.348	35268.962	44198.964	37379.696	93766.072	252182.222	NA	178569.374	49743.9	43154.907
id151	4-nitrophenyl phosphate	152384.092	NA	580036.137	NA	281164.735	291379.221	1173181.42	NA	227418.941	NA	220277.393	NA	129215.068	182377.374	147077.504	1257582.83	161523.705	NA	397091.396	NA	NA	NA	266377.497	NA	188890.508	NA	135294.562	NA	187301.728	362475.172	NA	111111.115	NA	176101.506	NA	NA	NA	NA	NA	62055.55	NA	268513.57	NA	NA	NA	NA	239544.423	175509.431
id152	pantothenic acid	NA	5993.673	NA	NA	14216.715	NA	229191.914	9892.8	15129.875	3541.981	12671.525	8674.002	16414.8	17737.124	12972.11	155144.911	21295.639	NA	24977.953	9785.246	13246.805	NA	21068.586	NA	14725.379	12954.17	NA	14130.054	NA	NA	4360.125	NA	NA	11653.271	NA	NA	NA	11630.214	20993.26	20862.172	NA	14294.249	NA	NA	NA	NA	16614.724	19786.763
id153	gluconic acid 1	137401.746	22460.322	528539.655	NA	39508.404	324325.06	583873.16	52874.586	45542.97	10170.996	96588.383	39400.935	62920.697	125891.105	66136.438	334717.18	430785.521	7049.518	108595.962	NA	46037.684	37734.859	61858.963	17439.273	32746.732	18853.429	55059.823	38679.921	374867.212	744170.381	18300.84	57991.041	35601.519	102691.32	36175.789	43951.564	22366.429	46028.556	61043.162	122603.442	34582.894	77481.081	3260.206	9626.408	67927.191	7159.55	47690.549	45356.72
id154	Guanidinosuccinic acid 3	4780207.56	15298.703	NA	9836.764	6799587	7547198.29	7351099.68	NA	2976143.54	NA	2349274.76	NA	1918930.46	1817007.82	1429251.67	7907088.1	4078733.47	NA	3217634.39	48698.403	3628.434	1533.529	5367023.83	3152.768	1594543.8	NA	1510148.56	9450.653	6900472.56	7186262.46	4955.843	1142734.39	4452.924	2692221.16	NA	3283.294	NA	NA	20014.49	1289592.32	20904.847	2625566.56	NA	18425.028	NA	NA	2786002.97	2298920.75
id155	Galactonic acid	21940.268	NA	247049.142	21856.597	NA	NA	178770.233	15209.225	28660.334	0	24003.751	18910.12	29582.679	23070.852	31502.47	204609.997	NA	14326.154	54360.303	24752.975	NA	NA	NA	NA	NA	NA	NA	NA	NA	NA	NA	NA	NA	NA	NA	NA	NA	NA	NA	NA	NA	NA	NA	NA	NA	NA	NA	NA
id156	glutamine 5	3739532.27	NA	NA	NA	NA	6741475.88	NA	NA	NA	NA	NA	NA	NA	NA	NA	NA	NA	NA	NA	NA	NA	NA	NA	NA	NA	NA	NA	NA	NA	NA	NA	NA	NA	NA	NA	NA	NA	NA	NA	NA	NA	NA	NA	NA	NA	NA	NA	NA
id157	palmitoleic acid	NA	NA	NA	54129.329	NA	NA	NA	NA	NA	NA	NA	NA	NA	NA	NA	NA	NA	52963.96	NA	48555.245	NA	36743.476	NA	NA	NA	41532.105	NA	NA	NA	NA	NA	NA	NA	NA	NA	NA	NA	NA	NA	NA	NA	NA	NA	NA	NA	NA	NA	NA
id158	mucic acid	NA	NA	NA	NA	NA	NA	15395.708	NA	NA	NA	NA	NA	NA	NA	NA	15304.64	NA	NA	NA	NA	NA	NA	NA	NA	NA	6341.844	NA	NA	NA	NA	NA	NA	NA	NA	NA	NA	4119.292	NA	NA	NA	NA	NA	NA	NA	NA	NA	NA	NA
id159	palmitic acid	NA	16341976.6	8918828.99	16798518.2	6854183.34	NA	4373157.46	15978266.9	4635820.94	NA	4053846.57	13994027.5	6483724.34	4377373.56	2081290.44	9300796.7	8682330.75	15477556.5	2518937.83	15421784.6	16832797.8	12882098.1	9825143.48	13592810.4	4817350.48	14054787.2	2730055.73	15386227	7892406.24	8576254.92	12866478.4	3123439.71	15972602.9	4230369.76	10856494.2	12826193.6	15630147.8	13571240.8	16459605	10102956.6	16122231	3176585.17	14312325.2	12039158.5	11272372.2	14237300.2	4582775.83	6403534.11
id160	Isopropyl-beta-D-thiogalactopyranoside	NA	23670.513	81395.48	86515.96	38189.605	10487.178	105334.495	907432.261	12274.911	958134.151	9928.707	27833.044	12583.07	NA	8511.088	49966.464	30022.335	262138.658	10372.688	123082.885	NA	12386.634	27659.293	682046.412	10899.882	153024.105	10585.603	36774.155	29977.212	97915.944	115411.264	NA	187812.007	15278.951	24554.496	8966.255	87753.338	13560.35	27406.532	64141.226	178224.351	NA	344115.296	35225.896	31675.554	337285.585	NA	NA
id161	N-Acetyl-D-galactosamine 2	NA	NA	NA	NA	NA	NA	193783.797	NA	NA	NA	NA	NA	NA	NA	NA	NA	NA	NA	NA	NA	NA	NA	NA	NA	NA	NA	NA	NA	NA	NA	NA	NA	NA	NA	NA	NA	NA	NA	NA	NA	NA	NA	NA	NA	NA	NA	NA	NA
id162	myo-inositol	2049091.21	1651398.15	2619293.77	1374737.29	2139527.75	2664829.53	2059882.71	1563649.06	1669057.07	1540859.59	379227.95	2198327.96	1734531.83	1142763.55	394094.394	2700551.65	2923853.91	1847220.78	599495.022	1464788.2	2221151.52	1548735.74	3073933.84	1131525.56	1642921.21	1662263.74	397708.092	2699128.18	2281659.23	3020745.74	1018227.79	1284926.46	1649252.58	1065062.26	2008998.84	1863929.54	1294110.03	2109904.08	2877403.53	2372159.19	2106724.31	482339.361	1605260.72	1794472.44	2114030.5	1514249.73	730636.468	2078747.6
id163	uric acid	NA	101168.587	NA	70854.25	11393.745	NA	NA	NA	NA	NA	NA	69315.537	NA	NA	NA	NA	NA	66575.176	9472.478	53444.018	70634.505	64674.686	NA	77186.841	4631.196	77990.83	NA	81377.337	NA	102376.943	70310.651	NA	70993.41	NA	58437.077	88007.42	64550.098	65046.115	91810.363	NA	58500.203	8471.063	87837.225	62726.267	68069.101	79904.572	13907.351	NA
id164	ferulic acid	45262.186	18556.305	100806.427	19520.901	15748.104	NA	103691.711	23738.379	11248.769	18761.408	14167.785	27591.201	NA	13728.867	12933.519	111923.486	54992.983	20174.149	11414.566	26750.423	30297.279	28551.942	92492.505	24558.402	NA	26041.684	15783.788	44570.651	NA	98711.305	NA	13963.316	33535.797	18292.553	NA	27798.036	29555.872	35258.031	50498.653	108596.046	36904.481	13195.39	NA	33069.609	29100.239	23778.341	21624.117	NA
id165	N-Acetyl-beta-D-mannosamine 4	105060.578	14474.969	201735.477	10927.472	23984.139	76949.173	279969.63	12989.492	87941.106	15940.393	20175.254	11231.454	70063.826	99536.128	23516.893	150922.076	111183.186	12575.461	12984.797	14112.053	13561.947	9311.795	141516.961	8804.692	54015.709	12025.488	25141.701	16321.442	138073.59	115858.562	14992.302	32537.766	NA	32645.672	NA	12511.796	10593.438	12145.75	44036.252	130758.208	13152.932	16377.564	13384.288	11308.17	14051.406	12413.06	18161.704	47997.939
id166	d-Glucoheptose 1	181180.685	55509.076	253412.474	35585.27	NA	NA	242661.566	51835.73	80541.079	NA	NA	NA	NA	NA	NA	NA	NA	NA	NA	NA	NA	NA	NA	NA	NA	NA	NA	NA	NA	NA	NA	NA	NA	NA	NA	NA	NA	NA	NA	NA	NA	NA	NA	NA	NA	NA	NA	NA
id167	3,4-dihydroxycinnamic acid	609124.058	43397.174	952411.254	48400.266	103979.713	542293.22	1141659.78	77998.845	142799.857	74316.356	220600.141	80741.844	310743.557	193503.568	81505.224	1050618.01	894988.002	85672.178	47426.335	77443.619	63422.482	72594.567	999187.919	76194.135	191545.959	78478.792	283526.194	111396.795	748858.086	820219.944	95807.413	427334.222	107782.282	655310.26	81732.697	111209.854	94664.414	74022.569	88419.795	966075.096	111195.478	57954.214	81295.975	81447.509	58654.305	51547.201	72510.189	214990.89
id168	Isoxanthopterin	147194.717	NA	NA	NA	12583.358	83838.145	156537.647	NA	30504.777	NA	91887.116	NA	NA	29586.084	13934.768	145651.647	136801.547	NA	9746.448	NA	NA	NA	134413.234	NA	NA	NA	68504.984	NA	134434.127	116462.028	NA	59873.404	NA	128270.393	NA	NA	NA	NA	15074.977	NA	NA	NA	NA	NA	NA	NA	NA	23775.176
id169	heptadecanoic acid	79678.098	75427.607	62310.026	62356.264	NA	83718.811	30501.41	69980.083	NA	64758.136	45980.775	47341.379	NA	NA	NA	63328.598	74317.95	49727.504	NA	77644.1	69716.388	51369.74	58923.127	50932.541	NA	46382.957	NA	59469.32	28507.186	68496.313	74473.505	NA	57570.09	NA	45646.636	43860.571	50537.86	51168.058	53567.566	52507.981	61136.548	NA	43253.022	60532.616	36738.351	47424.602	NA	7457.971
id170	Phytol	63920.689	44256.537	65187.808	39272.772	25031.209	61044.057	41812.99	54491.639	NA	46972.347	15039.919	33259.472	27234.31	NA	NA	59101.378	NA	45136.889	NA	38650.179	46986.893	43422.433	84919.434	34733.568	10289.855	44638.075	NA	47945.362	48802.491	NA	44321.504	NA	40006.757	17552.034	34346.486	54432.43	41611.44	32407.42	41045.555	52923.245	34464.77	NA	39583.574	27999.375	35686.025	41176.505	NA	9928.435
id171	Octadecanol	482346.737	276118.511	386460.1	278910.095	193931.939	430704.731	265428.8	257176.516	61012.087	246773.217	61125.138	236737.586	229191.78	65218.123	19747.812	262922.291	444421.193	250367.333	22179.572	208572.346	239171.59	228621.936	499598.495	238613.467	64875.467	273651.813	59212.112	269025.428	311027.961	415072.08	253293.906	45174.366	252037.583	66578.703	225014.207	248517.409	232638.672	226613.813	285466.127	324037.148	233128.497	25008.653	261932.225	209799.384	241548.769	232888.857	25991.076	77074.814
id172	beta-Mannosylglycerate 1	172144.943	165268.606	120757.554	107918.786	133049.983	166830.521	267197.932	77940.585	82038.312	97844.208	3043.601	53784.935	NA	82379.007	NA	131104.82	172617.394	77505.631	19314.983	86509.18	27670.488	28761.057	92707.253	36422.088	19557.956	57491.747	14776.182	45943.847	162159.995	121471.447	122310.906	11072.169	60466.22	NA	25017.448	48745.695	99921.689	49562.753	44238.854	60308.395	63148.48	54844.877	83225.389	72182.752	49118.523	62700.877	14160.416	20748.158
id173	Fructose 2,6-biphosphate degr prod 2	111680.77	97448.244	148096.167	61311.202	98889.836	143742.896	218122.626	14562.945	85354.287	34811.039	29497.526	17769.936	158686.352	86319.963	17380.265	77686.908	150696.485	36144.043	13833.837	63269.037	22289.275	14241.293	56525.002	9157.746	15026.507	35171.496	23560.695	37310.274	158954.079	139161.899	36636.331	23335.614	17350.088	31508.078	NA	14392.99	39107.632	16709.572	30417.379	111752.988	54249.584	27376.798	18800.434	64017.225	13409.823	17161.659	8606.336	21821.751
id174	tryptophan 1	583139.448	NA	135313.269	307573.922	408557.56	NA	NA	268570.147	NA	NA	NA	NA	NA	NA	15120.128	300724.72	NA	NA	109996.825	NA	366359.765	857760.105	NA	NA	278624.436	NA	NA	2006766.52	284374.806	NA	NA	NA	NA	41437.009	NA	NA	NA	NA	2010262.06	NA	NA	350840.259	NA	NA	NA	NA	70246.099	107522.24
id175	linoleic acid	57426.189	411553.569	18827.567	229367.71	44658.244	82697.301	36361.031	166657.41	15195.934	194586.507	18088.038	115568.166	18223.968	12886.894	4827.869	28857.842	60314.416	120304.156	6632.015	218727.575	255258.615	147095.898	35681.442	117499.824	20786.73	124097.932	5259.817	102064.418	20442.075	56920.609	284936.742	6499.157	201414.425	4925.546	154415.613	88111.867	220182.926	113637.651	NA	NA	186573.837	14736.371	90313.485	346672.921	54372.562	111343.84	4053.733	12819.11
id176	oleic acid	NA	1199051.38	NA	614222.068	NA	NA	NA	379356.439	NA	486799.948	58728.648	260996.894	NA	NA	NA	NA	84795.704	323371.083	8211.528	585148.11	646520.699	398611.519	59647.488	320998.08	NA	279651.677	NA	218879.877	NA	NA	767158.157	NA	616546.654	10614.702	272275.968	162116.093	567173.668	241748.94	231707.967	50464.444	603489.171	17333.705	195517.351	935576.153	129691.038	333752.672	4096.967	37867.827
id177	linolenic acid	1850920.49	3824561.63	888359.769	93755.881	2130516.85	2785720.42	2382813.18	1543890.46	847533.182	1552753.14	1331682.11	1192700.14	1054882.22	634738.122	161144.901	951833.067	1861640.56	1204277.39	168055.78	2460168.36	3274315.81	1668035.3	1169540.37	1256646.88	1288623.15	1394117.39	196465.589	1199924.68	1373876.06	1897549.44	2717740.28	362531.801	2573867.93	195715.49	1220990.79	944281.694	2137842.23	1310258.64	1107829.24	920218.966	2154976.84	399887.831	828479.684	3281132.71	602444.871	1114788.93	106471.243	850759.302
id178	2-aminoethanethiol	293703.118	NA	272324.004	NA	233830.861	518436.772	1098261.03	NA	196260.813	NA	331066.138	NA	273965.684	389469.517	30145.431	280227.147	716489.992	NA	38707.24	NA	NA	NA	286248.405	NA	271569.713	NA	57099.215	NA	695402.103	1001295.89	NA	265747.338	NA	113025.819	NA	NA	NA	NA	NA	575807.157	NA	105318.934	NA	NA	NA	NA	16446.525	123774.308
id179	Elaidic acid	135819.621	136365.993	145576.039	137505.563	186855.849	137053.51	234362.127	127720.572	160756.805	124070.317	109870.245	114161.883	194283.682	163871.141	29384.916	281525.021	143065.957	123157.278	16859.199	103550.87	126239.734	109245.853	156108.244	120974.023	128036.834	126566.217	29363.809	132735.319	183960.436	145574.992	113655.436	69365.581	126093.693	37211.762	146701.027	113639.57	113945.619	110092.89	133401.472	128087.151	121894.029	NA	118405.009	110681.715	108683.548	118213.8	11093.08	111680.55
id180	stearic acid	6966067.64	9178140.12	6317001.53	8046860.88	7752956.09	7098188.92	10191362.9	6875623.93	9888074.55	6641904.05	9192905.56	6005492.58	7746762.56	10272360.3	4784301.95	11434020	6808782.09	6264524.37	5833997.66	6590547.22	7415103.81	5819450.39	7506338.21	5994012.85	9387385.55	6276606.21	5039497.22	6996458.84	3516365.38	6907281.21	6653118.81	5252367.21	6910674.51	6810519.87	6360997.19	5208936.38	6099299.5	5471015.02	7038248.73	5782349.14	6810153.83	3489955.05	5534996.08	7957725.27	4585771.16	5525267.06	458739.917	11034409.3
id181	Glucoheptonic acid 1	1947981.08	484445.415	1807408.74	407711.392	1669338.43	2430562.12	1860505.18	240963.817	1486200.88	276313.34	2072186.3	323225.742	1781127.2	2804591.5	1152668.58	2747939.27	2751619.21	263223.95	973459.089	485796.069	373450.38	257924.401	1362827.57	194887.795	1617948.28	273893.185	1535637.96	449939.817	1885552.87	2284737.5	317555.676	1696144.48	319081.215	1799433.39	194556.803	260489.272	366894.936	273810.223	374246.615	1417232.84	356283.849	932794.654	201467.807	432713.422	248677.761	173354.038	132114.719	2157183.2
id182	Phenyl beta-D-glucopyranoside	NA	NA	106950.312	20760.78	NA	NA	NA	5824.002	13756.24	NA	22449.332	13636.491	NA	NA	75057.029	NA	NA	NA	1194.742	26258.198	NA	NA	NA	NA	25910.074	NA	NA	NA	NA	NA	NA	25520.544	NA	NA	NA	NA	NA	NA	NA	NA	NA	NA	NA	13362.209	NA	NA	NA	20552.761
id183	glucose-6-phosphate 1	94551.401	44526.08	186538.858	49207.626	49518.824	213319.821	28135.125	NA	76363.672	9307.309	184589.917	9566.141	59168.843	168621.18	57756.677	78348.018	220782.329	14878.251	NA	53437.933	7831.278	4923.238	67841.791	559.346	50282.588	32775.951	75425.396	18472.852	109281.706	214008.377	13119.957	81234.02	4140.682	86271.476	NA	NA	26254.884	6478.066	12578.074	123296.834	31360.505	36413.389	5219.047	48179.205	3297.283	6958.422	4756.92	82731.812
id184	Purine riboside	2397019.89	4297201.33	2274095.73	3393544.96	2219038.25	2687466.66	1315402.6	4513836.97	1743975.58	3489731.33	1477104.79	4656143.4	1777532.8	1758986.8	1821696.59	256665.998	2387654.41	2887426.21	1714712.54	3407152.7	4530622.25	3461199.93	2019998.1	2956507.12	1940281.54	3317324.27	1756121.5	5338810.75	2492669.36	2320868.36	3588606.38	1930275.55	5427209.79	2171242.7	4549014.15	4172049.47	3366844.7	4141451.13	5642142.41	1003511.29	2505273.36	3480582.4	2511331.08	2839364.34	4422482.64	2332616.99	249592.863	2162561.37
id185	6-phosphogluconic acid	8276.4	22494.032	5450.022	25826.336	40130.447	32506.93	25192.139	NA	32519.831	5748.087	59726.271	4335.45	57830.146	47998.244	36009.869	15018.437	42552.718	8369.114	40431.413	28196.983	3666.648	4438.914	4348.941	NA	22884.287	11167.223	38239.851	10327.651	83599.264	8522.25	9741.538	33737.708	5178.068	39399.522	NA	3591.916	13757.978	3488.897	4938.847	17432.422	17676.475	39329.761	4057.563	35028.308	4420.701	759.516	NA	26625.337
id186	cis-gondoic acid	NA	666133.754	NA	332783.137	NA	NA	NA	237351.048	NA	395474.069	NA	211303.253	NA	NA	NA	NA	NA	233624.443	NA	345387.848	395484.232	252864.145	NA	200129.5	NA	265894.968	NA	186721.436	NA	NA	346083.525	NA	420122.039	NA	335536.746	118828.021	251266.686	160888.593	154051.533	NA	376620.969	NA	134132.683	383049	97078.415	234706.385	NA	NA
id187	Arachidic acid	84998.861	388840.346	54137.584	298097.926	89196.72	NA	70919.255	NA	124908.868	NA	71698.09	NA	NA	NA	NA	NA	NA	NA	93859.837	NA	NA	NA	NA	NA	NA	NA	NA	NA	161881.49	NA	NA	NA	NA	NA	NA	NA	NA	NA	NA	NA	NA	NA	155677.38	NA	NA	NA	NA	NA
id188	cytidine-monophosphate degr prod	46709.639	27003.068	48381.517	27161.921	98411.932	19832.542	NA	35155.709	59140.857	25844.623	76319.167	23425.558	45521.455	94986.571	24764.962	44211.975	10266.149	20444.987	132839.912	22563.501	38866.445	20956.291	36296.219	19345.921	61698.146	25924.07	27829.001	32779.934	44218.157	73016.461	30508.333	42862.001	34014.614	34624.513	12469.048	25682.742	21742.396	17793.553	31452.972	NA	21075.851	87309.464	NA	24388.364	20496.424	19927.75	22935.278	64227.604
id189	5-Methoxytryptamine 2	428205.937	NA	259178.418	16630.871	835817.465	635701.026	630233.487	NA	507404.001	9355.736	488971.595	37035.373	714179.694	765188.911	450428.388	946395.206	194086.385	9734.504	1067707.63	21845.449	13080.493	24623.984	2033484.82	NA	2902215.05	26979.58	430841.907	32686.566	253515.281	323708.678	NA	694004.455	17500.462	506291.853	NA	NA	NA	NA	NA	82991.479	47389.393	1019673.84	NA	NA	NA	NA	551410.671	1789020.6
id190	D-erythro-sphingosine 1	NA	NA	NA	NA	NA	NA	NA	NA	NA	NA	NA	NA	NA	NA	NA	NA	NA	NA	NA	NA	NA	NA	NA	NA	NA	NA	NA	NA	NA	NA	NA	NA	NA	NA	NA	NA	NA	NA	NA	NA	NA	NA	NA	NA	NA	NA	NA	NA
id191	uridine 1	NA	NA	3306.312	11509.204	NA	15703.756	NA	16396.499	NA	17806.85	NA	10363.696	4138.114	NA	NA	NA	15590.495	13907.871	NA	14627.096	19680.141	14215.091	7611.157	10325.075	31403.185	16524.674	NA	16427.16	NA	NA	NA	NA	19116.318	NA	NA	15451.635	NA	11017.692	NA	NA	11659.46	18437.539	NA	10906.988	13184.661	11782.785	NA	15445.061
id192	DL-dihydrosphingosine 1	690456.61	160402.742	NA	114923.35	173552.33	439070.365	1513187.81	NA	NA	131753.826	2122422.16	NA	1073976.14	NA	NA	NA	NA	NA	545384.673	NA	117472.248	NA	NA	NA	NA	NA	NA	NA	NA	NA	NA	NA	NA	NA	NA	NA	NA	NA	NA	NA	NA	NA	NA	NA	NA	NA	NA	NA
id193	Neohesperidin	42216.545	33860.975	NA	37502.245	NA	43589.801	47203.743	30330.583	72909.788	36442.612	181290.973	26741.543	NA	73940.934	51267.182	43726.339	55269.267	27450.571	42029.274	23570.53	28537.242	24913.333	41721.73	30778.309	64216.033	32946.525	53458.544	32280.687	NA	42530.171	24733.448	34083.51	27082.354	61461.096	7388.659	31454.063	24330.836	27078.648	33069.623	64741.189	38704.073	NA	32291.69	26902.354	24596.962	29176.301	3401.417	46207.635
id194	2-Monopalmitin	239906.45	50792.875	442085.409	53763.722	130258.148	178838.942	641865.824	59037.624	217384.887	71399.426	1507275.74	NA	113251.068	1138852.3	1325520.79	225175.594	347763.23	65739.606	485813.091	68690.479	65241.405	53404.958	194749.815	36835.27	344056.017	73696.319	1179831.02	41836.962	170680.525	248295.931	129321.679	1140213.19	85991.933	2220706.05	40710.579	38816.082	72118.986	NA	48037.065	649385.62	64941.569	394409.484	68471.376	86728.842	34925.173	50645.693	61912.179	429481.619
id195	arbutin	135.623	38561.67	0	109592.661	114346.22	1243.672	NA	74089.862	14704.232	128259.747	NA	189494.84	97105.299	NA	NA	NA	80683.912	141070.779	432.341	135807.621	130752.866	109452.237	83667.425	103414.378	36520.599	178045.767	107179.819	199948.372	NA	NA	NA	136229.521	124235.662	69294.335	19255.338	144119.275	57947.279	162605.684	202625.588	62262.451	162053.814	135841.818	106380.901	81486.934	193659.193	104394.784	83584.301	107207.946
id196	1-Monopalmitin	NA	52150.422	NA	29733.188	NA	NA	NA	NA	NA	NA	NA	NA	NA	NA	NA	NA	NA	NA	NA	NA	NA	NA	NA	NA	NA	NA	NA	NA	NA	NA	NA	NA	NA	NA	NA	NA	NA	NA	NA	NA	NA	NA	NA	NA	NA	NA	NA	NA
id197	sucrose	230350.211	91832.697	90127.491	35459.226	454991.095	144222.833	136178.93	131325.032	526963.615	151009.32	437051.465	NA	237799.236	NA	NA	NA	39906.697	168995.753	62365.318	34617.229	NA	NA	96016.866	28180.566	413260.99	154048.543	NA	NA	NA	NA	NA	NA	NA	NA	NA	NA	34418.848	170686.466	32603.78	169929.193	33342.136	73732.17	30022.933	162920.553	162502.038	35960.629	223400.613	33233.395
id198	lactose 2	29712.333	34240.73	NA	24264.239	25876.803	59823.812	NA	NA	NA	26764.611	NA	NA	NA	NA	NA	NA	NA	NA	NA	NA	NA	NA	NA	NA	NA	NA	NA	NA	NA	NA	NA	NA	NA	NA	NA	NA	NA	NA	NA	NA	NA	NA	NA	NA	NA	NA	NA	NA
id199	cellobiose 1	96667.696	445803.211	1226291.78	393844.735	57462.891	166641.763	1433651.83	84103.128	NA	181718.234	142612.879	757812.465	1042888.73	166017.136	884335.349	79867.813	132893.945	87945.526	200768.539	488072.666	380392.129	807191.687	57525.646	1286117.46	102336.725	157685.48	1459118.53	1236425.01	212921.816	163061.389	397801.666	1333962.33	125825.797	203540.875	841603.274	484980.796	351764.683	590542.175	246328.856	1410577.78	160395.047	221534.335	137941.018	326225.496	454251.08	80389.691	153469.842	110908.545
id200	trehalose	2133.909	NA	NA	NA	26415.522	58983.692	NA	NA	NA	NA	NA	NA	NA	NA	NA	NA	NA	NA	NA	NA	NA	NA	NA	NA	NA	NA	NA	NA	NA	NA	NA	NA	NA	NA	NA	NA	NA	NA	NA	NA	NA	NA	NA	NA	NA	NA	NA	NA
id201	Monoolein	NA	176605.095	NA	23089.643	NA	18517.119	NA	12099.241	NA	NA	NA	NA	NA	NA	49581.999	NA	NA	NA	NA	NA	NA	NA	NA	NA	NA	NA	NA	NA	NA	NA	NA	NA	NA	NA	NA	NA	NA	NA	NA	NA	NA	NA	NA	NA	NA	NA	NA	NA
id202	maltose	108242.56	119921.729	2116756.81	70121.661	125498.417	253310.539	1624097.54	34904.731	1599445.19	93776.964	319545.67	266953.734	1461942.18	1355780.03	2863342.19	468422.242	198442.315	29851.994	329679.944	70185.025	73044.699	98961.531	91953.65	184857.719	136713.55	40627.517	3243666.26	NA	2589142.49	293426.622	128499.878	3415647.71	43142.999	2022867.25	472262.682	492045.885	73331.866	348753.437	215747.13	1372785.3	30503.686	535802.997	66014.543	92706.355	345118.395	37215.169	277940.228	190523.294
id203	Gentiobiose 1	84168.078	111389.558	1479968.41	74335.916	111325.036	126978.703	1955055.77	42061.311	1857686.34	128051.882	NA	408161.332	NA	1067012.15	1998381.47	862401.265	101165.12	47042.615	NA	73375.702	26017.406	15406.844	91493.001	293401.107	124380.159	27665.167	1105026.32	100535.716	1683094.27	105536.253	120481.497	2332686.48	35046.776	1582241.84	1179833.02	248860.122	63119.22	284303.619	315135.642	2097670.56	43286.361	257512.633	88428.833	63407.439	269483.748	32928.076	276912.871	117395.141
id204	maltitol	NA	NA	90757.837	NA	43207.019	8226.103	295784.184	NA	41581.13	NA	26196.007	NA	72246.992	161430.745	243992.922	60465.82	4565.856	NA	13851.023	NA	NA	NA	9006.197	NA	8803.913	NA	56969.611	NA	76059.977	5459.644	NA	159787.153	NA	104856.738	NA	NA	NA	NA	NA	153913.53	NA	9419.377	NA	NA	NA	NA	9929.404	12469.074
id205	Epicatechin	NA	47629.255	NA	49016.915	NA	36697.786	NA	18520.759	NA	49014.786	NA	333337.171	NA	NA	NA	230667.609	23329.41	27602.984	41404.694	52092.695	227838.655	30789.076	34910.318	111605.974	34803.531	47648.635	NA	181281.894	NA	27381.574	46446.93	NA	150437.76	205024.379	81697.595	146506.387	50615.4	314861.078	89487.147	NA	33421.707	54843.758	35412.886	31600.054	184010.086	22044.153	NA	NA
id206	piceatannol 1	NA	NA	532339.027	NA	167405.328	24522.501	394720.797	NA	303673.888	2356.053	24475.826	NA	207927.247	177093.206	366186.142	164414.248	9445.152	NA	24162.308	NA	NA	NA	15525.299	NA	16011.164	NA	221732.754	NA	243798.981	14169.876	NA	188983.353	NA	192817.246	NA	NA	NA	NA	NA	135684.858	NA	29115.151	NA	NA	NA	NA	23219.049	19059.386
id207	estriol	3440929.22	138654.233	5797766.91	118667.918	5475515.54	981204.251	2623103.51	74557.789	6443185.9	91364.185	5501123.89	550198.766	3273547.5	6781331.09	5261002.46	7357159.22	616303.784	132232.233	1627641.3	106040.593	302218.4	353962.419	3917395.96	469435.272	4008971.89	902827.832	8667394.18	722619.259	9158958.69	636820.644	133171.677	9003467.98	484851.395	8603351.11	63554.103	266343.681	129358.542	780060.942	86634.221	4090705.6	334623.367	1370637.62	79929.905	60279.977	266074.505	69740.429	1443715.87	2620812.79
id208	Epigallocatechin	NA	NA	NA	NA	NA	NA	66748.19	NA	189211.484	NA	NA	NA	NA	NA	NA	NA	NA	NA	NA	NA	NA	NA	NA	NA	NA	NA	NA	NA	NA	NA	NA	NA	NA	NA	NA	NA	NA	NA	NA	NA	NA	NA	NA	NA	NA	NA	NA	NA
id209	Galactinol 1	3244647.16	550424.262	4244231.47	258543.889	3674058.97	1086860.12	3407995.08	1086884.58	5056130.56	452935.03	7372413.89	3717743.49	3003423.89	6798635.08	5298611.73	4595914.6	3923696.57	4780971.62	2645067.26	362513.732	5198149.09	4160984.99	3689931.7	329733.966	4457994.5	2323643.16	8521216.05	643710.07	NA	NA	734233.677	7807442.48	1712865.77	6252726.75	724432.061	2488966.02	406987.211	3260780.9	5101158.6	3712492.78	7951785.29	2246914.72	402007.892	427356.376	6407837.93	1572381.65	1248280.08	4266479.97
id210	Sucrose-6-Phosphate	46929.886	NA	391684.328	NA	47774.369	11031.18	NA	5865.598	25882.84	NA	NA	26582.67	31070.473	NA	NA	158091.674	55327.294	17845.259	25449.924	NA	26952.14	55202.123	59028.075	37958.402	NA	NA	NA	8356.063	83107.82	10468.314	NA	119498.508	79075.738	NA	NA	NA	NA	105101.034	NA	NA	22745.881	NA	NA	NA	NA	NA	NA	NA
id211	Hesperitin 2	262808.033	1205.951	584668.497	NA	299534.957	40625.959	293385.477	4121.523	36339.849	NA	641361.395	NA	384284.351	817699.402	584427.776	NA	184715.67	NA	69558.138	NA	3247.833	NA	129654.782	4753.613	NA	NA	571438.18	NA	297253.409	32609.399	NA	277612.67	6642.456	598519.148	NA	NA	NA	NA	1254.58	67128.41	NA	56515.478	NA	NA	NA	NA	29250.036	50346.971
id212	21-hydroxypregnenolone 2	19576.347	NA	111108.934	NA	41499.265	NA	NA	NA	NA	NA	NA	NA	44880.737	NA	88161.096	NA	34042.938	NA	7916.543	NA	NA	NA	15720.245	NA	NA	NA	NA	NA	36099.788	NA	NA	NA	NA	NA	NA	NA	NA	NA	NA	12301.711	NA	NA	NA	NA	NA	NA	NA	8183.309
id213	Chlorogenic Acid 1	65792.651	NA	22848.209	NA	NA	193079.906	66012.01	NA	NA	NA	NA	NA	69031.208	63115.955	NA	NA	47414.539	NA	NA	NA	NA	NA	NA	NA	NA	NA	12292.515	NA	11225.697	NA	NA	NA	663.639	52172.189	84657.494	NA	NA	NA	NA	28271.46	NA	NA	NA	NA	NA	NA	274379.117	69098.532
id214	alpha-Tocopherol	257463.379	NA	123044.483	NA	NA	22214.444	NA	NA	125597.5	NA	187896.028	NA	70333.264	77625.7	NA	NA	81131.777	NA	32811.632	NA	NA	NA	346236.126	NA	113923.419	NA	NA	NA	411173.596	NA	NA	NA	NA	158870.324	NA	NA	NA	NA	NA	NA	NA	44171.918	NA	NA	NA	NA	35559.222	59966.787
id215	trehalose-6-phosphate	12607712.8	1067137.98	12308392.9	632616.102	22636520.4	848119.761	8494334.92	1505785.38	NA	463768.048	629187.755	10621237.5	2413644.62	NA	NA	23719227	9477783.18	6571104.6	319240.895	766353.016	4923200.72	5958257.26	10513452.5	3439147.65	1054279.22	9877840.27	3668763.78	9454444.8	7019505.45	NA	783892.632	NA	7588007.12	25639407.9	914201.797	4687731.9	680354.744	9005687.64	6900737.91	NA	7449198.13	1723047.71	401657.635	411250.024	5153415.29	6525218.57	1264926.46	NA
id216	5-Dihydrocortisol 2	17444.482	NA	52409.573	NA	NA	1682.678	94748.707	NA	6197.16	NA	NA	NA	89023.586	9520.88	90663.28	37222.601	17653.596	NA	3818.986	NA	NA	NA	12338.903	NA	11626.774	NA	85721.697	NA	58300.895	3021.21	NA	68000.356	NA	55588.479	NA	NA	NA	NA	NA	3523.163	NA	3646.073	NA	NA	NA	NA	NA	15534.104
id217	Zymosterol 2	125441.136	NA	138136.086	NA	NA	NA	32491.842	141503.314	10335.354	44882.784	NA	77962.369	NA	91437.629	190084.419	152253.336	47409.696	188942.368	NA	NA	101732.035	74188.232	73979.747	79760.393	44430.573	100249.589	145783.729	104596.463	43776.872	NA	NA	59574.546	NA	44485.997	89328.623	61023.021	NA	80247.219	88092.807	63884.607	153278.378	NA	13251.692	90901.736	61700.373	100249.688	NA	31126.525
id218	5-alpha-Cholestan-3-one 1	136034.417	NA	212449.24	NA	116992.677	NA	NA	164193.328	97496.083	17254.62	98313.201	44755.988	246559.617	49569.187	NA	116630.489	53506.393	46482.591	9260.573	14695.462	49566.768	48767.141	NA	48369.264	62790.779	129729.162	163211.589	56557.737	NA	NA	NA	NA	NA	159479.599	NA	37787.558	NA	NA	NA	NA	NA	NA	NA	NA	NA	40630.675	NA	NA
id219	Stigmasterol	234355.18	36149.741	68276.745	43087.902	706341.158	28473.093	62246.818	54543.893	409360.03	309813.752	NA	290179.162	44556.302	644482.643	577126.821	684299.532	268677.646	41591.049	63431.711	243029.132	264634.394	206533.852	465359.961	237131.189	508611.88	40329.885	659433.317	342376.587	400863.428	115193.306	57397.451	631220.266	205643.545	297954.976	229508.686	220190.464	22543.986	225653.633	243309.989	245115.737	44042.372	31121.957	224971.767	175248.015	207560.849	820166.911	23527.756	393957.787
id220	Beta-Sitosterol	31589.392	NA	NA	NA	NA	NA	NA	NA	17075.768	NA	9921.267	2937.704	NA	35725.79	39734.354	37623.047	NA	NA	NA	NA	NA	NA	15297.44	NA	17954.271	NA	9513.573	NA	27478.312	NA	NA	38186.264	1321.932	8170.577	NA	NA	NA	NA	NA	13546.38	NA	NA	NA	NA	NA	NA	NA	NA
id221	raffinose	7069850.29	NA	2807406.82	180254.558	NA	1892513.1	8851699.19	97859.205	9942009.96	223620.687	NA	176625.564	7914915.41	4471768.36	13887849.5	12673145.9	5412696.43	49472.822	689384.235	150420.495	NA	NA	NA	63520.68	NA	24669.61	NA	NA	NA	NA	NA	NA	NA	NA	NA	NA	NA	NA	NA	NA	NA	NA	NA	NA	NA	NA	NA	2535401.7
id222	lanosterol	NA	NA	NA	NA	195140.546	NA	58209.898	NA	113779.118	NA	NA	NA	144541.216	NA	235659.81	182025.557	NA	NA	NA	NA	16013.327	NA	64772.708	NA	146600.928	NA	213801.644	12235.963	NA	NA	NA	173593.659	NA	NA	NA	NA	NA	5781.175	4700.935	NA	NA	NA	NA	NA	NA	NA	NA	110731.462
id223	Cholestane-3,5,6-triol, (3beta ,5alpha ,6beta)-	7247049.85	268069.179	1506750.6	1614509.95	10170443.8	1697723.63	7236442.5	4103034.86	7691331.78	2935999.56	5823822.99	3391155.12	10538370.5	6954471.31	12280498.7	7854811.04	6894866.47	458632.347	638240.614	1687415.7	2695762.2	2354738.12	3615990.31	4561873.41	5798705.79	3394972.1	6871101.11	4265620.7	8441848.85	1994511.31	222320.6	6872567.39	2812376.51	6944328.68	2270079.07	2499103.49	88843.192	2197878.06	3607800.59	7485196.31	388478.612	292695.386	2618177.93	1331527.87	2190145.2	383095.755	212262.496	10684194.4
id224	1-Kestose	548110.06	15658.584	27078.987	9185.303	175171.542	92841.426	NA	41187.39	92070.488	NA	NA	25601.119	637694.536	82555.518	NA	NA	139653.879	NA	19867.589	75827.914	NA	NA	48581.763	33070.098	NA	NA	126228.874	NA	378366.396	100899.06	NA	175966.794	38506.587	NA	71391.733	NA	NA	NA	NA	115021.375	14515.175	NA	NA	11332.822	18604.631	NA	NA	156291.839
id225	Melezitose	692559.014	NA	282958.086	59081.801	19152.639	55200.668	204202.811	25340.341	186632.514	121766.852	606513.21	41703.955	241609.754	408786.262	16751.905	NA	110987.566	82061.042	NA	86197.452	24108.129	16905.262	344889.896	28555.824	148359.998	39662.541	28858.094	28538.783	NA	111306.722	NA	32990.194	33544.832	708180.026	107387.577	24705.234	10604.697	37342.872	32368.273	173943.127	65440.458	NA	104630.419	95158.234	22079.035	76716.353	10628.022	206496.176
id226	maltotriose 1	18314.007	117458.247	158127.28	138445.166	6965.598	78328.924	139758.534	116891.001	156807.971	488000.556	300190.722	93770.403	169577.06	272022.777	26862.681	322311.023	205787.101	206366.62	20475.401	184482.783	57460.918	37054.805	193002.233	59140.313	213701.078	258535.217	24289.893	114480.959	196294.549	149766.071	NA	NA	120805.815	478386.166	110176.126	99297.208	85686.517	106378.981	NA	107781.982	178827.756	13952.73	250946.515	195703.308	138581.09	283498.685	13832.21	266094.924
