Var	NMISS case	NMISS control	Pvalue	Likelihood_ratio_test_Pvalue	Wald_test_Pvalue	Score_(logrank)_test_Pvalue	coef	exp(coef)	se(coef)	z	lower .95	upper .95	AUC	AUC_CI95	threshold	specificity	sensitivity	accuracy	Case_Count	Case_Mean	Case_Median	Case_StdDev	Case_Min	Case_Max	Case_Quantile_25%	Case_Quantile_75%	Control_Count	Control_Mean	Control_Median	Control_StdDev	Control_Min	Control_Max	Control_Quantile_25%	Control_Quantile_75%	group_diff
CDH2	184	184	0.0551511262463531	3.09178749759871e-21	0.00108320990153272	9.12278094356714e-13	-23.3209243050554	7.44476959379286e-11	12.1609856544058	-1.91768372793093	3.31437393862696e-21	1.67224927938045	0.9429	0.9218 - 0.9641	-0.1836	0.8261	0.8967	0.8614	184	0.0282980996902174	0.024239831	0.0155929242640082	0.010522599	0.149287563	0.0184800925	0.034569861	184	0.0409773372554348	0.035409224	0.0200232341021773	0.013986665	0.133426627	0.0268329545	0.0490465965	-0.0126792375652174
PCDHB10	184	184	0.212694170017603	NA	NA	NA	-23.294163241966	7.64668928504583e-11	18.6922851460449	-1.24619130619751	9.38796541357642e-27	622838.436723209	NA	NA	NA	NA	NA	NA	184	0.371225641369565	0.3670246475	0.0445006295739876	0.278868772	0.591334071	0.34197722175	0.39310195275	184	0.393682326625	0.387372796	0.0429694584347314	0.316559742	0.572703178	0.3669119015	0.41399181825	-0.0224566852554348
PCDHB11	184	184	0.0651168421356808	NA	NA	NA	-29.8923759577248	1.04209202086002e-13	16.206616140501	-1.84445511009683	1.67035738489925e-27	6.50133791581146	NA	NA	NA	NA	NA	NA	184	0.4167832195	0.41253322	0.0497166642223146	0.319085036	0.649332992	0.38409899625	0.439853207	184	0.439576201	0.431133496	0.0509745195782199	0.345955718	0.679468994	0.4123040005	0.45947734625	-0.0227929815
PCDHB14	184	184	0.162954256938306	NA	NA	NA	8.85373595707675	7000.49372068574	6.34583501394419	1.3952042461901	0.0277679688536392	1764872057.86165	NA	NA	NA	NA	NA	NA	184	0.308292744684783	0.297988979	0.0556436436293828	0.200934073	0.635646509	0.271500233	0.331140173	184	0.327300896429348	0.3248741585	0.0474675986538522	0.204147898	0.468686594	0.297208401	0.34950531125	-0.0190081517445652
PCDHB16	184	184	0.413859455320673	NA	NA	NA	7.85845814025887	2587.52769334628	9.61725501994215	0.817120698573942	1.68524362176896e-05	397289713923.145	NA	NA	NA	NA	NA	NA	184	0.446177634418478	0.438614789	0.0606623163003285	0.340829531	0.73411825	0.4065230235	0.4710513325	184	0.46163737375	0.4464744655	0.0617496608248658	0.362686259	0.766661349	0.4254493245	0.4898428115	-0.0154597393315218
PCDHB3	184	184	0.564222014773932	NA	NA	NA	6.38346055794889	591.972723082834	11.0712146184722	0.576581773358285	2.23083128954298e-07	1570857045607.86	NA	NA	NA	NA	NA	NA	184	0.608388929021739	0.6064778495	0.0460614237506529	0.513253494	0.814858043	0.57826840825	0.630560683	184	0.623639080630435	0.6183975685	0.0473436567760295	0.48254121	0.847065086	0.59290448	0.643479141	-0.0152501516086957
PCDHB6	184	184	0.0364382686080204	NA	NA	NA	9.93762783570149	20694.5950342409	4.75029384057263	2.09200276219198	1.87240367318976	228725391.732249	NA	NA	NA	NA	NA	NA	184	0.456226870706522	0.430444611	0.094191890791902	0.310081305	0.824225289	0.39678597325	0.4965307825	184	0.464093761141304	0.4418372485	0.0880054780368754	0.333102041	0.896916131	0.41104822225	0.495635913	-0.00786689043478261
PCDHB9	184	184	0.469303910195588	NA	NA	NA	7.43770262878238	1698.84286184784	10.2785769049388	0.723612100932822	3.02700184859478e-06	953440801693.318	NA	NA	NA	NA	NA	NA	184	0.417238683217391	0.412756465	0.052161224889622	0.300626961	0.650017357	0.38232866625	0.437184287	184	0.442468884244565	0.436553344	0.049319654402231	0.350963425	0.618369993	0.4137825105	0.4605593335	-0.0252302010271739
cg09150559	184	184	0.00245405999152908	NA	NA	NA	-5.23140732280471	0.00534599646341209	1.72713607705599	-3.02894913278749	0.000181087208062244	0.157822733547203	NA	NA	NA	NA	NA	NA	184	0.747967742054348	0.7615566695	0.135405546520834	0.118577075	0.965065502	0.67545043775	0.842966415	184	0.760112771815217	0.771498997	0.118218846928167	0.300420168	0.969551979	0.70350772775	0.8420021455	-0.0121450297608696
cg09843519	184	184	0.65959071383309	NA	NA	NA	-1.66513242332078	0.189165606385536	3.78028239330598	-0.440478316188587	0.000114567113155056	312.337682723817	NA	NA	NA	NA	NA	NA	184	0.138740549706522	0.1349483825	0.0565609487936118	0.050244832	0.312815855	0.09065706475	0.17427721	184	0.157272812592391	0.151715463	0.0548457426494532	0.057002393	0.324240632	0.10929933275	0.195619355	-0.0185322628858696
cg14011486	184	184	0.000371136920766216	NA	NA	NA	-64.361032089752	1.11778663815328e-28	18.0799558241252	-3.5598002957436	4.55693270428696e-44	2.74185960055675e-13	NA	NA	NA	NA	NA	NA	184	0.075393654173913	0.073376834	0.0156562290876501	0.044451066	0.144930144	0.06569566525	0.08132576425	184	0.0879401866684783	0.0851919645	0.0161524552539441	0.055749458	0.166676083	0.0768068505	0.097661263	-0.0125465324945652
cg15577010	184	184	0.668508840276104	NA	NA	NA	26.8007121324703	435914575117.93	62.5899063886502	0.428195434037751	2.30556028515828e-42	8.2418802068843e+64	NA	NA	NA	NA	NA	NA	184	0.0153518492391304	0.0148578775	0.0040650062695552	0	0.043257576	0.01395113225	0.0156400955	184	0.015352099951087	0.015089871	0.00229107892865988	0.004166667	0.024947924	0.0144463765	0.01613987125	-2.50711956521765e-07
cg18070959	184	184	0.892560341862803	NA	NA	NA	0.285663679352909	1.33064485664895	2.11500613121295	0.135065177891036	0.0210749074849227	84.0153502829385	NA	NA	NA	NA	NA	NA	184	0.823078431516304	0.8582952575	0.0976328487798117	0.37243365	0.941844681	0.77590430125	0.8951705065	184	0.816979028168478	0.8470608745	0.101269841767778	0.392533314	0.951480264	0.76795095175	0.89217671925	0.0060994033478261
cg19154323	184	184	0.331218132271753	NA	NA	NA	1.663405407248	5.27725146994631	1.71191562567672	0.97166319548632	0.184171560152099	151.214351738406	NA	NA	NA	NA	NA	NA	184	0.423780940701087	0.436972617	0.13492218424032	0.055317486	0.78899773	0.3358948095	0.515793809	184	0.397656090820652	0.401757321	0.136013394162672	0.037673304	0.674961795	0.296240679	0.49308403325	0.0261248498804348
cg21117330	184	184	0.375713423012457	NA	NA	NA	2.83180295435508	16.9760402753269	3.19680791124046	0.885822055306492	0.0322632838840155	8932.31899348906	NA	NA	NA	NA	NA	NA	184	0.404686037695652	0.4028074505	0.0789923780986668	0.154210442	0.867491836	0.36147282175	0.44135438675	184	0.416450141695652	0.409974219	0.0649903214021682	0.204065002	0.650371373	0.371523601	0.46065450775	-0.011764104
cg25108548	184	184	0.240453217231385	NA	NA	NA	3.61400237185775	37.1143011789419	3.07874754475081	1.17385473129147	0.0889009959627089	15494.442296001	NA	NA	NA	NA	NA	NA	184	0.72188931951087	0.7274928555	0.0642546626495053	0.407290373	0.844927536	0.68391490275	0.77084463425	184	0.713230671766304	0.717845622	0.0617427497314269	0.52244898	0.866666667	0.6671929825	0.7591543885	0.00865864774456515
cg25555787	184	184	0.0621462404470234	NA	NA	NA	3.03291037930387	20.7575571278285	1.62600663467464	1.86525092495133	0.857268537680911	502.615177130698	NA	NA	NA	NA	NA	NA	184	0.60556241126087	0.6776228065	0.133772074187292	0.158811228	0.802762754	0.48233478775	0.68989267425	184	0.605776384548913	0.6617421175	0.116143279453487	0.111397792	0.815651767	0.51253467875	0.67669655325	-0.000213973288043512
smoke	184	184	0.00147734710843736	NA	NA	NA	1.04857460916486	2.85358074997129	0.329834117281707	3.17909686786368	1.49497819046745	5.44685076245867	NA	NA	NA	NA	NA	NA	184	0.717391304347826	1	0.706350382202511	0	2	0	1	184	0.266304347826087	0	0.552940905134678	0	2	0	0	0.451086956521739
drink	184	184	0.00101390943799759	NA	NA	NA	1.56535932656036	4.7843937868252	0.476279756164609	3.28663838069857	1.88112153080889	12.168498171178	NA	NA	NA	NA	NA	NA	184	0.489130434782609	0	0.501245775200245	0	1	0	1	184	0.201086956521739	0	0.401906539775336	0	1	0	0	0.28804347826087
