matset	sample	group	CDH2	PCDHB10	PCDHB11	PCDHB14	PCDHB16	PCDHB3	PCDHB6	PCDHB9	cg09150559	cg09843519	cg14011486	cg15577010	cg18070959	cg19154323	cg21117330	cg25108548	cg25555787
121	100BL	1	0.027389513	0.360787593	0.382166184	0.280257532	0.393917738	0.578230153	0.400210413	0.384907516	0.766157054	0.083993102	0.067878126	0.013926461	0.805423036	0.275603561	0.352367326	0.792118227	0.680379597
123	103BL	1	0.029966771	0.346432842	0.387015718	0.311421417	0.419726165	0.581030871	0.365466831	0.398379135	0.711925999	0.171750599	0.072418759	0.01417035	0.721208437	0.544611804	0.425206044	0.696581197	0.679763131
124	104BL	1	0.016025482	0.373792223	0.417540887	0.321252262	0.457086338	0.613592028	0.433343076	0.402673062	0.492897727	0.125688122	0.07745696	0.016011224	0.858892083	0.433795296	0.471622683	0.764179104	0.396164439
125	106BL	1	0.037528638	0.351236963	0.382481112	0.247051761	0.384842573	0.558686126	0.331196264	0.378305287	0.443110647	0.151167799	0.071959273	0.01539621	0.893256927	0.45995174	0.425135749	0.627956989	0.406662089
145	107DZ	0	0.019263465	0.366976639	0.4184123	0.275974966	0.42813379	0.604658938	0.488483153	0.414611714	0.864935065	0.189047627	0.066738634	0.016453226	0.795078921	0.348868481	0.414170155	0.753826087	0.694477431
116	108DZ	0	0.02391032	0.332195367	0.350426301	0.204147898	0.397783291	0.553548119	0.360724459	0.388863104	0.300420168	0.13479227	0.068960266	0.015817292	0.910570016	0.263679924	0.204065002	0.656140351	0.680883045
127	109BL	1	0.022172728	0.365683483	0.410235286	0.286612739	0.439314497	0.581724412	0.399643945	0.403842322	0.771108179	0.173429065	0.075953367	0.011255938	0.817743	0.280702608	0.462370769	0.682692308	0.682080802
10	10BL	1	0.029931246	0.393615969	0.419491349	0.31787732	0.423914661	0.609901296	0.431151204	0.427301376	0.801001821	0.170096109	0.074931095	0.043257576	0.842356847	0.676305045	0.423007225	0.728831169	0.677475557
148	111DZ	0	0.020697085	0.322977437	0.372115735	0.277562096	0.392686601	0.573792808	0.423110381	0.353311007	0.831891892	0.075898181	0.056447151	0.014331033	0.76577125	0.312109425	0.314964855	0.67869505	0.705234633
130	112BL	1	0.05036273	0.344886877	0.387170188	0.255422133	0.401403384	0.571392786	0.375393257	0.381387023	0.665077036	0.101252479	0.072826875	0.016268343	0.887132005	0.316840558	0.269556077	0.780020023	0.679653906
131	113BL	1	0.07249713	0.362851607	0.402826413	0.252885899	0.410688773	0.602530305	0.435789219	0.407643645	0.768002166	0.135514667	0.083451107	0.015727348	0.910884817	0.286466226	0.351639146	0.71607091	0.669983236
196	115BL	1	0.056318966	0.341607738	0.390938684	0.268164301	0.456137155	0.608067649	0.534673776	0.419239942	0.761269549	0.260833081	0.077003898	0.014348997	0.913216263	0.605458688	0.369324507	0.702999581	0.482416298
132	116BL	1	0.018463099	0.341414252	0.382317485	0.284563979	0.416038969	0.590962437	0.448528116	0.391646198	0.57842346	0.126960067	0.057899683	0.013427904	0.676199662	0.374902536	0.4098798	0.704351435	0.697893819
120	117BL	1	0.016379793	0.323632766	0.380227614	0.264748994	0.400515902	0.56087897	0.532878985	0.373870374	0.744706965	0.050244832	0.060031826	0.014866544	0.835570425	0.370950944	0.391282373	0.677911647	0.694456873
117	117DZ	0	0.030374544	0.432471373	0.47676517	0.323131957	0.511298042	0.655998251	0.503206296	0.471317226	0.787753413	0.122117057	0.096829176	0.014963821	0.837148846	0.380922191	0.484529198	0.788751069	0.660856755
11	11BL	1	0.021110335	0.302838651	0.341327412	0.247987516	0.348770882	0.549334952	0.36904892	0.336745004	0.880105198	0.061076666	0.064471543	0.013824174	0.715145386	0.382907802	0.319050476	0.679877211	0.693673386
177	11DZ	0	0.066644519	0.373013353	0.41729262	0.315150877	0.425500386	0.604208997	0.408034001	0.417992906	0.864950747	0.178511558	0.105574872	0.016083162	0.9327714	0.128990597	0.373731086	0.766051661	0.644123103
135	121BL	1	0.020659005	0.316781603	0.356148682	0.298462813	0.384962503	0.582241444	0.388601884	0.359220414	0.729915599	0.13934703	0.065423714	0.01395728	0.895062741	0.508352295	0.344038676	0.666895248	0.689749502
136	122BL	1	0.018485757	0.350642901	0.395986613	0.331147364	0.373615703	0.570542105	0.365214082	0.376475669	0.579747936	0.147375212	0.076887196	0.013875512	0.897619516	0.346420592	0.393525736	0.74125	0.697513238
137	124BL	1	0.020272974	0.278868772	0.319085036	0.200934073	0.340829531	0.513253494	0.341082876	0.300626961	0.614201845	0.068814447	0.057785992	0.01432825	0.689263489	0.224352606	0.339329488	0.711757426	0.689973609
112	124DZ	0	0.042991518	0.38043904	0.413357701	0.325829756	0.424799024	0.589843902	0.39202765	0.415820659	0.749757986	0.186316529	0.088060781	0.016219132	0.915966383	0.140022995	0.386486976	0.699108314	0.667854417
138	125BL	1	0.067292241	0.397117308	0.439693986	0.284496221	0.493644932	0.614495727	0.454953407	0.465802495	0.809398792	0.158832609	0.140741016	0.016201347	0.920290099	0.499090567	0.392739936	0.678610369	0.656644566
44	125DZ	0	0.04372796	0.401586144	0.462461313	0.397483988	0.447277551	0.64223125	0.514703786	0.467315693	0.873769339	0.212753149	0.101113897	0.014594109	0.711016507	0.486903422	0.353851209	0.638447894	0.660031181
139	128BL	1	0.019528075	0.383210383	0.427597189	0.334922139	0.469074421	0.610158313	0.474115377	0.420944028	0.74919268	0.132484031	0.067170378	0.012505627	0.750364003	0.348512281	0.464303855	0.662857143	0.69913947
83	128DZ	0	0.029779204	0.413953532	0.442792817	0.333571718	0.474402525	0.635238405	0.511154147	0.447266802	0.80557238	0.112389108	0.089300645	0.015304752	0.757908309	0.460728345	0.416937671	0.52244898	0.664562318
140	129BL	1	0.0336604	0.326797312	0.366981035	0.260744729	0.396165892	0.54890627	0.351210814	0.367769452	0.468812877	0.138101938	0.071430919	0.01502347	0.866429342	0.385371386	0.340440894	0.622149297	0.678270156
179	129DZ	0	0.040582097	0.369146246	0.397271236	0.282622882	0.441138963	0.622493796	0.374762322	0.42453319	0.723480334	0.249150573	0.100570953	0.015442952	0.796853299	0.467785983	0.361863904	0.726644845	0.669691994
27	12DZ	0	0.04455337	0.37523757	0.421299505	0.268084039	0.446080368	0.61422407	0.448567502	0.407863753	0.860124083	0.137885817	0.095306882	0.014994018	0.821072802	0.351364461	0.511752821	0.685371658	0.41281041
142	133BL	1	0.019267838	0.368816526	0.410012824	0.288374639	0.407767184	0.593149202	0.445579582	0.394343731	0.816656308	0.157295014	0.066812463	0.014802267	0.828619363	0.489193473	0.419060833	0.61509434	0.699780256
113	133DZ	0	0.052212969	0.387660911	0.428917217	0.344247959	0.446989143	0.631377994	0.483351382	0.435168095	0.778846154	0.17487535	0.109707689	0.01491675	0.614789714	0.332301935	0.360884966	0.667368421	0.65941927
143	134BL	1	0.043713316	0.401154966	0.437957751	0.297515145	0.505015753	0.633876164	0.560454438	0.443908644	0.909690512	0.181964012	0.092000489	0.012963272	0.864803741	0.361552884	0.370236409	0.735395189	0.51313383
187	134DZ	0	0.042746476	0.402397122	0.43376533	0.341137175	0.432605189	0.636871614	0.44562089	0.444152054	0.766604303	0.174236435	0.085362711	0.023238044	0.855853236	0.166318783	0.447979253	0.742428478	0.658584251
64	135DZ	0	0.036865669	0.316559742	0.358404632	0.240293839	0.391686693	0.585899254	0.388648898	0.350963425	0.762237762	0.110312375	0.094030062	0.01445213	0.723106305	0.289320403	0.374454877	0.733333333	0.422402352
144	138BL	1	0.028266721	0.300250866	0.337646371	0.219625832	0.363217741	0.538023348	0.310081305	0.346366945	0.64491654	0.174542317	0.0803091	0.013602462	0.868681146	0.538914733	0.419927176	0.726856653	0.708280322
114	138DZ	0	0.029274426	0.443217364	0.458714425	0.360587425	0.487597895	0.645564703	0.472540716	0.495153214	0.620869565	0.139856178	0.077159167	0.014793262	0.908922942	0.285470101	0.384797573	0.641904762	0.674397357
13	13BL	1	0.037143923	0.480100985	0.543049413	0.350672686	0.483766463	0.680762298	0.367791147	0.529911847	0.565681737	0.112012141	0.136081345	0.017925708	0.931264057	0.080155619	0.502008079	0.786442757	0.681081832
16	13DZ	0	0.07115212	0.426671561	0.470991685	0.343228381	0.527994654	0.671623798	0.597431372	0.49266382	0.771151886	0.11913658	0.122304336	0.017445945	0.859430704	0.492806934	0.41055264	0.779283348	0.682690559
145	140BL	1	0.048155105	0.408544179	0.460042757	0.352441694	0.501824318	0.659675787	0.529842871	0.437410955	0.827346466	0.255185937	0.076302508	0.014267178	0.8185075	0.30981281	0.389992657	0.731588125	0.317482463
118	140DZ	0	0.0288956	0.418791067	0.451059213	0.33576621	0.495169691	0.641601502	0.510354927	0.438722569	0.862739234	0.228757778	0.078212928	0.008791209	0.697833718	0.425440359	0.410726197	0.740731778	0.41457139
146	141BL	1	0.033193196	0.328917502	0.363957891	0.254837435	0.371477291	0.549044954	0.364837811	0.340474532	0.813888889	0.126819656	0.056637888	0.015776871	0.908239689	0.394891192	0.380859112	0.789473684	0.686246081
147	142BL	1	0.038543744	0.357690996	0.347004711	0.268265172	0.431628274	0.620042459	0.351671669	0.425247365	0.925247525	0.093623766	0.098820905	0.01479838	0.92420197	0.055317486	0.179896462	0.75513899	0.67771521
148	143BL	1	0.012619806	0.347049464	0.391244476	0.252040984	0.399782818	0.575543924	0.423888181	0.367094331	0.686961516	0.121431102	0.06091135	0.015347788	0.862653299	0.476581008	0.351481395	0.809708738	0.689879114
120	143DZ	0	0.024928201	0.342102526	0.36963433	0.329389116	0.431689025	0.571827693	0.498386409	0.380700871	0.653896387	0.111129486	0.076814077	0.014331865	0.914201505	0.532630077	0.42675006	0.733156966	0.429887902
149	144BL	1	0.012450456	0.338692533	0.405663172	0.377711614	0.396173672	0.596769309	0.424179509	0.366727801	0.916519099	0.051774463	0.08623088	0.012627505	0.839491533	0.24617363	0.178336571	0.599774104	0.688310966
150	145BL	1	0.010658497	0.358694479	0.40668888	0.315421726	0.449193601	0.611478102	0.523139555	0.415301356	0.828096118	0.178996596	0.058767908	0.014985227	0.664808642	0.234225132	0.32239994	0.783433349	0.709269334
68	145DZ	0	0.092365993	0.419771074	0.457052449	0.3638899	0.494932952	0.669838234	0.516078016	0.456290245	0.512838307	0.158774307	0.123415435	0.014312034	0.857478851	0.361350406	0.302937719	0.643455497	0.648358959
151	146BL	1	0.033915714	0.344405261	0.379428573	0.269935724	0.391016468	0.589293462	0.364410435	0.391689503	0.515822785	0.174188841	0.085835079	0.015766819	0.751982961	0.356472071	0.334001425	0.774683009	0.682637774
129	146DZ	0	0.024697926	0.365474389	0.394259753	0.328863105	0.440952333	0.60974206	0.391740956	0.417772893	0.856007944	0.198475624	0.077028221	0.015181966	0.859548874	0.390217175	0.459179829	0.786881944	0.688248127
175	148DZ	0	0.033348813	0.407457337	0.444141594	0.346108616	0.433489291	0.639478988	0.47559833	0.45829878	0.721731038	0.101453682	0.096585933	0.014534967	0.899365151	0.436502706	0.49014668	0.787846164	0.682983668
152	149BL	1	0.03237963	0.382844407	0.443874007	0.345449858	0.466645316	0.644071364	0.449222472	0.443252139	0.808210391	0.184985588	0.063936553	0.015649488	0.635872231	0.22247667	0.371752876	0.757360406	0.349538864
14	14BL	1	0.010522599	0.378255798	0.444197827	0.29027508	0.44763963	0.610214861	0.516447715	0.426213598	0.755398671	0.092120802	0.069967039	0.016862121	0.87844614	0.78899773	0.421118853	0.728129058	0.430849271
153	150BL	1	0.01972219	0.330346533	0.375990079	0.253562211	0.396680262	0.564551219	0.381764211	0.366794803	0.620622568	0.129317785	0.064466833	0.015055477	0.880128393	0.572808529	0.264997303	0.806819923	0.693435576
115	150DZ	0	0.058827135	0.376583503	0.426019792	0.341322281	0.437288529	0.614865917	0.453663381	0.424883593	0.729304636	0.215436044	0.11810898	0.018343159	0.68418684	0.558469964	0.363827159	0.719043878	0.645876931
154	152BL	1	0.0144977	0.326324042	0.367251739	0.225078575	0.371733112	0.552481861	0.371724903	0.413911979	0.828701078	0.066831593	0.056883448	0.013660246	0.813233648	0.200500672	0.328206223	0.693502289	0.411526393
155	153BL	1	0.037265401	0.4131494	0.442940378	0.313783968	0.476990379	0.64143466	0.487250472	0.493747593	0.570731707	0.284748033	0.079564021	0.0136456	0.643904844	0.387385921	0.49882198	0.649361235	0.517474218
137	153DZ	0	0.02685589	0.368775895	0.393375383	0.299491219	0.412968649	0.582151068	0.428610248	0.401794571	0.631619637	0.120663806	0.097316293	0.015117348	0.80828245	0.521626545	0.481893423	0.776148978	0.671831646
198	155BL	1	0.013300519	0.379894204	0.415643604	0.357297161	0.419614578	0.579153181	0.396925036	0.418008068	0.729763387	0.148912356	0.055114846	0.01589732	0.927939818	0.437143868	0.366824577	0.693877551	0.702540716
157	156BL	1	0.038299928	0.401129517	0.462949936	0.330252377	0.53987702	0.645594933	0.511885779	0.403539294	0.771283355	0.185335013	0.104051028	0.015377081	0.652802119	0.459169452	0.436139288	0.652459016	0.656503829
158	157BL	1	0.022802001	0.348729811	0.386843699	0.292973215	0.404839361	0.594955394	0.400180612	0.402084965	0.658218126	0.089755226	0.074866914	0.01468646	0.899469048	0.448853088	0.428968414	0.738842975	0.678470593
169	157DZ	0	0.057239606	0.380929953	0.429537449	0.286614093	0.460376375	0.631116334	0.427146517	0.428296419	0.518711923	0.205578899	0.113088626	0.019032134	0.85059976	0.53463379	0.293484811	0.711764706	0.616218258
159	158BL	1	0.021785683	0.403925572	0.45098414	0.388297972	0.448510098	0.616435434	0.429227604	0.424775468	0.803571429	0.146326762	0.086040844	0.014093489	0.8758619	0.121758787	0.437471803	0.789830508	0.661674875
160	159BL	1	0.013161472	0.379823965	0.485936596	0.331137776	0.542370885	0.720036269	0.822527328	0.461082823	0.922437673	0.107969971	0.050682951	0.024611128	0.668690429	0.173172483	0.320438778	0.744304582	0.707569442
69	159DZ	0	0.047745556	0.413919389	0.45477162	0.379944075	0.495301276	0.644497959	0.524207452	0.477365279	0.802889577	0.168523629	0.10594404	0.01430957	0.461247562	0.236986991	0.500329659	0.749871134	0.667507926
15	15BL	1	0.02042291	0.366327878	0.411213917	0.311160674	0.411092333	0.596318723	0.401769844	0.395219373	0.783770651	0.079958258	0.060190964	0.006004141	0.614660245	0.637409029	0.389279862	0.762424242	0.668070208
72	15DZ	0	0.037756204	0.371190904	0.426470258	0.349461875	0.41906296	0.609445489	0.363220989	0.375885882	0.789229878	0.086437008	0.086906949	0.015249663	0.897069199	0.490561492	0.378538528	0.826415094	0.685220576
161	160BL	1	0.022845181	0.351084469	0.388683806	0.287854153	0.389548702	0.593204359	0.381177303	0.398471838	0.615075377	0.192807046	0.077481346	0.014885707	0.880924865	0.508882449	0.374643844	0.799898806	0.389914729
91	160DZ	0	0.033152906	0.383682181	0.415791902	0.296396421	0.442175596	0.62066615	0.432441463	0.423045181	0.832716257	0.248314307	0.095552086	0.015956824	0.882189798	0.214864973	0.378952155	0.808625084	0.66600091
160	161DZ	0	0.043274315	0.377724983	0.428968219	0.37907318	0.504755287	0.673035589	0.593734817	0.448723898	0.88470166	0.21845998	0.100906918	0.015216534	0.859406729	0.328261272	0.371015875	0.629752066	0.65274136
162	162BL	1	0.018407969	0.405482824	0.476815807	0.387307066	0.458191067	0.627806456	0.475071677	0.468624342	0.624254473	0.079596512	0.079022603	0.015639204	0.697387936	0.549993587	0.412352001	0.72952381	0.695607769
6	162DZ	0	0.027737215	0.423751623	0.468983893	0.342840491	0.469919653	0.658979387	0.480718091	0.473139331	0.678915448	0.157366211	0.078675458	0.016513681	0.877010503	0.46049645	0.495411578	0.688432876	0.677601264
163	163BL	1	0.057263497	0.380193576	0.431795594	0.30414137	0.462515056	0.630412344	0.530173985	0.4090213	0.819221968	0.108246209	0.09155974	0.014013977	0.629438954	0.483822816	0.414152714	0.736111111	0.671780226
71	163DZ	0	0.049775689	0.379290588	0.410529081	0.289587893	0.447396606	0.609316216	0.420268427	0.424136946	0.771938776	0.144220607	0.075949999	0.015876048	0.757169171	0.424291454	0.374532836	0.676190476	0.688592569
164	164BL	1	0.012883895	0.403373433	0.425185803	0.320202826	0.487121776	0.66064663	0.589127457	0.453042788	0.901364113	0.063580453	0.052899424	0.013689413	0.78305847	0.508088548	0.375980129	0.758526632	0.690317307
70	164DZ	0	0.047123535	0.442201126	0.477537278	0.355904474	0.521319273	0.666815101	0.545253648	0.500815738	0.867552508	0.183424528	0.112292275	0.015547278	0.872357386	0.425827171	0.534907655	0.766127155	0.655880722
165	166BL	1	0.033986768	0.497075103	0.547099293	0.465159689	0.607865904	0.729147947	0.694212775	0.586656154	0.93128655	0.089866477	0.07665897	0.028711415	0.812870219	0.677192707	0.581100531	0.844927536	0.458172588
166	167BL	1	0.017273572	0.323126246	0.357012186	0.257024152	0.352503828	0.538201006	0.388101721	0.365884261	0.505530973	0.120836512	0.0642299	0.015245633	0.870337779	0.335230026	0.378805447	0.682129402	0.680341184
167	168BL	1	0.025276525	0.372472598	0.419174707	0.300096229	0.39418441	0.586710288	0.429187482	0.458283468	0.562248996	0.128678441	0.111330807	0.015075079	0.928788856	0.231933872	0.412350944	0.8	0.655258904
107	168DZ	0	0.023335081	0.330447905	0.377131697	0.24551958	0.362686259	0.563222747	0.335351883	0.375121499	0.672982456	0.151560661	0.080210214	0.016452597	0.888938571	0.622543226	0.400559867	0.757142857	0.705663437
168	169BL	1	0.020448259	0.373019435	0.408386377	0.277582033	0.448121056	0.607486276	0.397051197	0.436993943	0.677342823	0.163815097	0.070292157	0.01504521	0.711206948	0.525352966	0.377203572	0.811965812	0.661804129
16	16BL	1	0.044709659	0.552091641	0.639736748	0.43778475	0.647965869	0.742062643	0.755997456	0.637226488	0.924483307	0.164007522	0.101936632	0.027398463	0.919257896	0.690467525	0.655745912	0.83125	0.641464511
169	170BL	1	0.016184299	0.324457205	0.361575646	0.243222012	0.372697207	0.548503489	0.358811469	0.38887066	0.563380282	0.144347178	0.061476799	0.015299808	0.882788346	0.35890777	0.339526809	0.652830189	0.677377728
197	171BL	1	0.014703254	0.310747025	0.3445496	0.279524337	0.374900788	0.5417248	0.331843621	0.311446637	0.52972028	0.098084624	0.065451058	0.019989365	0.863218333	0.612106337	0.397532797	0.71875	0.68118079
170	173BL	1	0.037402652	0.358138825	0.405268618	0.266961807	0.431920538	0.6310057	0.426600826	0.40994081	0.73442623	0.170958061	0.103903674	0.015349418	0.903891358	0.356794946	0.419948879	0.735757576	0.442011424
171	174BL	1	0.030956521	0.38139585	0.428979114	0.339304659	0.452166476	0.629063935	0.492295883	0.42517295	0.688353048	0.096217279	0.068048719	0.015824152	0.818096719	0.550630169	0.460998584	0.778616352	0.688939006
94	174DZ	0	0.052786363	0.362126745	0.376939153	0.341894851	0.451202131	0.628432774	0.456023314	0.428547896	0.603337612	0.211246253	0.106505031	0.015766066	0.647225934	0.582325971	0.349907551	0.703030303	0.650509558
172	175BL	1	0.035134448	0.369674542	0.421730177	0.29568542	0.437915081	0.615911204	0.432178565	0.411843829	0.627019749	0.161232582	0.076447174	0.014287427	0.87318408	0.361949424	0.461701884	0.714952521	0.452957596
173	176BL	1	0.031485371	0.307244308	0.34567687	0.219086435	0.352180391	0.546612086	0.324551352	0.363859766	0.70407315	0.254362409	0.076112768	0.015002509	0.651796454	0.455357137	0.326088516	0.738461538	0.690848558
174	177BL	1	0.039017617	0.591334071	0.649332992	0.635646509	0.663590267	0.814858043	0.671180149	0.650017357	0.118577075	0.080283014	0.144930144	0.019466744	0.508232152	0.233262695	0.867491836	0.761904762	0.693619902
175	178BL	1	0.034344038	0.422594937	0.44259451	0.449377004	0.474472627	0.663292432	0.504083627	0.4508014	0.65129683	0.064422513	0.1115781	0.01658706	0.7636423	0.400399192	0.406617022	0.758677686	0.399411577
176	179BL	1	0.07506063	0.37600107	0.409707381	0.249623032	0.461385452	0.603558345	0.446665721	0.472443543	0.65615142	0.263303003	0.093644471	0.014998816	0.618730599	0.425530483	0.396860645	0.777596099	0.660696115
164	17DZ	0	0.097956974	0.432144732	0.482285942	0.372491725	0.552612854	0.694007936	0.610846338	0.507952176	0.913072111	0.123334504	0.109747216	0.015370826	0.710770226	0.288503824	0.421513345	0.642865607	0.627834786
199	180BL	1	0.020329221	0.352696138	0.408048935	0.255969899	0.435077207	0.579085994	0.36160093	0.408647542	0.734793187	0.188773073	0.06977394	0.01564277	0.917321013	0.50675958	0.411835682	0.662686567	0.695866412
31	180DZ	0	0.058964394	0.439292834	0.486838941	0.423464969	0.499138404	0.660851232	0.453013876	0.494666371	0.895505618	0.240425112	0.112332608	0.015964007	0.905223812	0.628390683	0.475408974	0.633965587	0.65826564
177	181BL	1	0.061720375	0.336215457	0.388595143	0.284020472	0.444348348	0.5886961	0.402445434	0.409605672	0.741469816	0.089859861	0.090497725	0.011291123	0.699925148	0.625932569	0.377913734	0.723516484	0.679507362
178	182BL	1	0.023608635	0.362135579	0.378662228	0.246126233	0.377206621	0.589040405	0.422996793	0.418708529	0.880248834	0.090207634	0.069061061	0.015221131	0.705621395	0.525394269	0.398998892	0.683783784	0.6750411
179	183BL	1	0.018448042	0.367604527	0.40774271	0.265642429	0.393119015	0.578529905	0.409466343	0.436356773	0.674242424	0.098588117	0.084891993	0.019382005	0.822424876	0.371879916	0.317029606	0.704392157	0.701564132
180	185BL	1	0.032175311	0.3837867	0.429254698	0.380777574	0.458335679	0.630161616	0.49350587	0.417763796	0.818982387	0.108110919	0.082146632	0.014920077	0.897432508	0.472904028	0.381800755	0.814076577	0.695823639
181	186BL	1	0.01624279	0.377779107	0.424659717	0.309034071	0.445209045	0.635307698	0.525362991	0.455047088	0.899385561	0.187665387	0.075783801	0.011788309	0.885929865	0.621375626	0.477169048	0.839583333	0.658284409
182	187BL	1	0.017801894	0.36054328	0.44271423	0.329767737	0.510428196	0.642183354	0.556618714	0.416960861	0.813529922	0.177419177	0.069083423	0.013559829	0.861566917	0.436801366	0.385342288	0.776904762	0.686145812
183	188BL	1	0.019211612	0.333551668	0.36003105	0.265321374	0.414455604	0.575935141	0.355480532	0.38668833	0.726865672	0.24456204	0.070395654	0.014997588	0.934304249	0.381697873	0.420967423	0.782857143	0.687332268
95	188DZ	0	0.066401187	0.550300753	0.595934014	0.425747638	0.603602225	0.733184044	0.628562673	0.609619804	0.922102945	0.286944735	0.11082737	0.015965286	0.392533314	0.29887099	0.56177306	0.640175664	0.655214196
184	189BL	1	0.054510234	0.380168016	0.437166319	0.288201825	0.456304642	0.57494705	0.429782735	0.429090944	0.827111984	0.252776589	0.073643844	0.016681437	0.789001735	0.454852226	0.31095986	0.646603048	0.675870345
45	189DZ	0	0.022365466	0.42598075	0.45912279	0.32469814	0.482104331	0.641504761	0.441361795	0.457284794	0.605809129	0.103336217	0.079314254	0.014985235	0.92878288	0.49240995	0.463182686	0.764704776	0.26163587
18	18BL	1	0.01705746	0.309297342	0.346474438	0.253658488	0.392042689	0.519219997	0.370961146	0.349644095	0.820005816	0.088260519	0.069839344	0.01533556	0.735525854	0.31684074	0.328541294	0.683958609	0.676085872
51	18DZ	0	0.112398542	0.455858577	0.517031477	0.369183688	0.615505468	0.761196073	0.706369539	0.547061318	0.911650065	0.266887733	0.124671216	0.015975466	0.935916326	0.543290346	0.396923982	0.794036697	0.650679623
185	190BL	1	0.016222786	0.350152529	0.387757824	0.255818357	0.394524003	0.580556985	0.39289893	0.359977719	0.756696429	0.159225191	0.052926969	0.01486826	0.895556125	0.61437712	0.363195556	0.734482759	0.685570022
186	191BL	1	0.018695365	0.415661918	0.505927014	0.417140827	0.595531113	0.674091568	0.684123635	0.498098979	0.902255639	0.097606503	0.081472447	0.016067039	0.862010491	0.504670184	0.354592425	0.756756757	0.696717192
187	192BL	1	0.012971271	0.342150514	0.37819657	0.277421313	0.385175156	0.565438293	0.392922337	0.425658418	0.747893714	0.066065952	0.066634685	0.016081588	0.92156348	0.448402288	0.422512797	0.793333333	0.409732678
188	193BL	1	0.022116929	0.336511514	0.383735433	0.236888153	0.414102164	0.588219487	0.384638636	0.356559784	0.735866124	0.068330416	0.075976146	0.017069151	0.837541642	0.525962836	0.377151739	0.715686275	0.685272989
46	193DZ	0	0.044829929	0.439747558	0.502960378	0.377681625	0.522705132	0.709916947	0.532551569	0.513143538	0.882961526	0.307665057	0.088275278	0.014897352	0.921305223	0.413138471	0.43685468	0.652997567	0.65547532
189	194BL	1	0.025379448	0.386363192	0.444631654	0.287481593	0.47130061	0.607393156	0.399133801	0.45788538	0.665391969	0.136720488	0.07526575	0.014899937	0.920701145	0.460564613	0.528825489	0.825641026	0.422107181
190	195BL	1	0.019098535	0.382956794	0.411652101	0.289748036	0.48172564	0.604085316	0.434349571	0.43162598	0.78483835	0.278393965	0.093697033	0.015497101	0.67239514	0.393098272	0.447082284	0.753560524	0.702649268
191	196BL	1	0.01800519	0.360733734	0.40612768	0.26537825	0.419731654	0.596896485	0.398943768	0.393873064	0.691803279	0.082129731	0.066472864	0.014800572	0.758534526	0.562532436	0.420861451	0.749519318	0.684530337
192	197BL	1	0.069917487	0.423630264	0.452950554	0.388700242	0.504340776	0.651921191	0.473431114	0.495439086	0.710735586	0.114111188	0.105800506	0.01723692	0.913187945	0.610930554	0.470868202	0.743949045	0.665916643
200	198BL	1	0.026972374	0.399820348	0.444672361	0.387166159	0.465097194	0.643783796	0.5203732	0.417544974	0.715581204	0.225114298	0.071522365	0.015043137	0.673320856	0.520550744	0.478587133	0.776190476	0.68672175
193	199BL	1	0.034331298	0.39482884	0.441651624	0.365436237	0.477050094	0.612246213	0.429372607	0.428215011	0.769714286	0.215212949	0.083358104	0.015540253	0.764335648	0.284206771	0.434616825	0.736422031	0.664002396
88	199DZ	0	0.028811046	0.395286163	0.454013599	0.346479478	0.450138952	0.624504221	0.444093339	0.440295346	0.72028597	0.151870265	0.081371025	0.015195094	0.837454751	0.571781013	0.462548457	0.745806452	0.436148736
8	19DZ	0	0.030600628	0.385175951	0.435777471	0.339476394	0.459308663	0.597204969	0.470061953	0.419575149	0.726391495	0.142560802	0.095604049	0.014445364	0.921431428	0.243562993	0.336128823	0.63110784	0.676148092
1	1BL	1	0.020630373	0.331395128	0.366554431	0.298904597	0.411506815	0.555575985	0.419071716	0.357804175	0.714631463	0.083789518	0.071556104	0.013286792	0.886668975	0.469081331	0.325901468	0.677497901	0.686210403
64	200BL	1	0.022599736	0.322107874	0.346019394	0.252197926	0.40314191	0.550715436	0.409184606	0.366872847	0.819746835	0.125501881	0.066962269	0.017555214	0.776302533	0.471053411	0.359176986	0.767931781	0.684880512
65	201BL	1	0.038434223	0.368316298	0.405147203	0.301687241	0.453918917	0.614787733	0.477094134	0.424276723	0.890317052	0.090806875	0.081660028	0.01639718	0.802700859	0.12352836	0.427756457	0.777149186	0.689933355
66	202BL	1	0.034657386	0.35396969	0.436380415	0.326965624	0.563498342	0.652307478	0.527017673	0.401646561	0.9	0.080315269	0.062244125	0.01505852	0.909138588	0.457199088	0.372222222	0.699018441	0.699632486
67	203BL	1	0.011648858	0.363392655	0.430162831	0.266599422	0.504394233	0.649350373	0.611561794	0.352559327	0.862433862	0.162610073	0.057292637	0.01663853	0.908913233	0.487752366	0.366237285	0.60610687	0.37951383
68	204BL	1	0.037678278	0.345535514	0.397319313	0.275276097	0.400699181	0.565209522	0.403051131	0.369571386	0.718946766	0.13438839	0.073082025	0.013989002	0.812013917	0.40369367	0.360069167	0.764106676	0.694450527
5	204DZ	0	0.035218836	0.374399459	0.429037663	0.406012949	0.437396404	0.617048993	0.443396174	0.438037572	0.843867727	0.125779716	0.080858056	0.009803922	0.908479782	0.323316482	0.468712278	0.665471157	0.516970747
194	205BL	1	0.02735787	0.375240237	0.41907701	0.354211858	0.460196999	0.616289106	0.424748168	0.406319883	0.76184379	0.186328259	0.080248744	0.014996543	0.740921569	0.505528199	0.439862846	0.785973609	0.684229738
69	206BL	1	0.02627474	0.384029103	0.42585373	0.334448316	0.449489119	0.598415254	0.461950946	0.412759973	0.661265432	0.06857733	0.058003984	0.013258988	0.685139766	0.338255443	0.364697042	0.600549421	0.690373755
70	207BL	1	0.014239847	0.321535677	0.365083604	0.269033652	0.401630103	0.539291705	0.365687163	0.37458089	0.66487069	0.189211119	0.059663616	0.014224004	0.817467805	0.607584992	0.361088064	0.731831242	0.700987383
71	208BL	1	0.031056132	0.3834594	0.423511784	0.30325992	0.443326273	0.610037122	0.427340188	0.406808601	0.759447005	0.1903352	0.071345715	0.015232235	0.856234375	0.473224258	0.436785106	0.715707874	0.675658702
72	209BL	1	0.055560447	0.456566413	0.480940105	0.414796734	0.530411372	0.68588237	0.544295123	0.523016207	0.844615385	0.191681806	0.094142153	0.013699855	0.900179325	0.433374086	0.534247526	0.712482207	0.228400076
19	20BL	1	0.01637528	0.393865945	0.392003734	0.393349969	0.55295088	0.681937638	0.515428957	0.457673031	0.920099256	0.209274074	0.085148196	0.01607313	0.869571593	0.513871831	0.154210442	0.588200085	0.676304667
73	210BL	1	0.035076636	0.328000251	0.385168193	0.310980624	0.386103075	0.582628716	0.430128666	0.384045431	0.85181179	0.073672779	0.064714458	0.014125686	0.903956857	0.404428601	0.377444413	0.675918977	0.681874301
74	211BL	1	0.029087108	0.366444768	0.417573269	0.266839566	0.448381546	0.598226355	0.434737992	0.416683918	0.772341813	0.170735451	0.069949855	0.015048227	0.886729009	0.333005747	0.358635927	0.715555556	0.672219611
75	212BL	1	0.01271638	0.386693194	0.451055615	0.379484603	0.486918612	0.629324716	0.47418094	0.429294242	0.843808107	0.203820019	0.057415384	0.017720555	0.890061577	0.342305201	0.442059419	0.796930055	0.698248676
76	213BL	1	0.034356656	0.368317992	0.406369988	0.286913949	0.423066332	0.57618567	0.405920362	0.413119966	0.809710003	0.082281059	0.077972933	0.013411187	0.901179573	0.27399778	0.391626943	0.745930563	0.690527766
77	214BL	1	0.021178364	0.372832559	0.426072812	0.295618479	0.415470618	0.613260409	0.394522894	0.412752957	0.802041722	0.099579316	0.073144555	0.014136404	0.733443765	0.458327948	0.379525567	0.797478992	0.664524971
18	214DZ	0	0.032987225	0.384629104	0.417351203	0.309103578	0.410465909	0.599775118	0.421440271	0.418184847	0.594791268	0.146874363	0.087945259	0.015387115	0.869479341	0.511398158	0.57385403	0.628767123	0.658612539
79	216BL	1	0.028631321	0.344045976	0.377752928	0.228454023	0.432324239	0.610648334	0.398168348	0.42128255	0.832785538	0.082783452	0.063709802	0.015840733	0.864870017	0.495426107	0.429302124	0.675961538	0.512689825
80	217BL	1	0.042323911	0.333295841	0.375613065	0.281418058	0.419802527	0.577813159	0.424570149	0.368043645	0.561776666	0.18844542	0.089380815	0.016233709	0.821507127	0.534107943	0.416922274	0.709645114	0.67292734
81	218BL	1	0.028059502	0.352505479	0.414489326	0.285525168	0.469970046	0.616824507	0.467907498	0.40147554	0.893460691	0.064117212	0.073392755	0.01380102	0.902335147	0.231000969	0.438418202	0.710354317	0.40066246
82	219BL	1	0.021268325	0.431329391	0.491171581	0.341607717	0.557585664	0.698969662	0.675342236	0.497981506	0.927977839	0.17971903	0.053329261	0.013932689	0.88696519	0.516944273	0.423765738	0.805405405	0.685191239
20	21BL	1	0.025501251	0.37534456	0.41353136	0.308411357	0.451093867	0.604469944	0.539236637	0.422466323	0.891025641	0.134655331	0.067039911	0.014351641	0.827406506	0.577925829	0.353943824	0.778883123	0.411349743
83	220BL	1	0.021292806	0.332840748	0.361686253	0.294035848	0.416701929	0.553477913	0.375106267	0.373994275	0.5	0.249101153	0.083362876	0.013900595	0.800143621	0.21687821	0.388050006	0.760226535	0.337145971
84	221BL	1	0.01748667	0.415238797	0.473080749	0.338751396	0.537494613	0.635701781	0.503314015	0.463390514	0.754172305	0.085803313	0.073360913	0.016373942	0.870145498	0.496965543	0.451770218	0.722527086	0.685757241
85	222BL	1	0.0376706	0.354296572	0.410254061	0.297068325	0.453657767	0.613229089	0.453688308	0.381826251	0.865125241	0.093169813	0.060160272	0.014311686	0.849306263	0.374692801	0.386616472	0.770114943	0.353174808
86	223BL	1	0.024334579	0.401582568	0.447588495	0.303506464	0.511819791	0.647348465	0.566390264	0.457204191	0.836306401	0.095743231	0.097230427	0.014611055	0.848755336	0.634635514	0.403798758	0.682772687	0.37323237
87	224BL	1	0.035998577	0.40357323	0.448873929	0.321458283	0.457829179	0.641030495	0.446348507	0.450211209	0.53062201	0.09484185	0.087041495	0.013904311	0.873119885	0.393830242	0.371460973	0.774065154	0.691798313
110	224DZ	0	0.06096408	0.392438982	0.438037598	0.280586519	0.436330092	0.620318716	0.412345293	0.432737995	0.821350763	0.171621936	0.114395622	0.016746454	0.767900079	0.5237973	0.530248289	0.671232877	0.661737277
88	225BL	1	0.012402685	0.376710584	0.401244817	0.302366661	0.409247548	0.627243985	0.374019125	0.410063798	0.929601357	0.093525882	0.065342486	0.014737765	0.676176374	0.299586923	0.361529142	0.623428571	0.69894547
89	226BL	1	0.042301416	0.374365359	0.450818611	0.31394225	0.488826244	0.633192188	0.58998579	0.431833477	0.935386473	0.082082529	0.077305138	0.017364506	0.796210004	0.578025646	0.407715083	0.741607658	0.676919797
90	227BL	1	0.02035377	0.328548046	0.408226964	0.275282701	0.518684387	0.61542033	0.669452508	0.400853373	0.842685851	0.145486259	0.079684302	0.016302343	0.905714555	0.637655795	0.410282504	0.764516129	0.672603725
26	227DZ	0	0.051497596	0.414106677	0.460672259	0.306078526	0.485118901	0.625336232	0.435587774	0.448805582	0.469512195	0.177347596	0.0923852	0.016524021	0.827069961	0.244824736	0.452811662	0.689482412	0.462468406
91	228BL	1	0.019306371	0.32715415	0.372367872	0.231370488	0.409708369	0.554216127	0.387804928	0.369028124	0.727596741	0.081667646	0.069798553	0.016041664	0.841816879	0.317919111	0.339852486	0.754824302	0.210893307
79	228DZ	0	0.076221773	0.387302526	0.411601547	0.318691289	0.441429768	0.576336607	0.45100478	0.430178467	0.826457399	0.298124269	0.108486353	0.015369056	0.891201351	0.131977046	0.416231593	0.718333333	0.671210062
92	229BL	1	0.043960953	0.40355766	0.438171554	0.337610932	0.411126498	0.604864717	0.439327553	0.445948539	0.610290615	0.180573396	0.072798405	0.014681689	0.906204374	0.555193643	0.470318846	0.716097561	0.678063574
21	22BL	1	0.052617508	0.41812815	0.462896178	0.33602252	0.513531764	0.654706819	0.583917884	0.49741595	0.855633803	0.13580012	0.105030649	0.014804828	0.878198696	0.338326574	0.446561446	0.768690096	0.158811228
93	230BL	1	0.023281496	0.356425631	0.399059505	0.325038968	0.41664479	0.569924377	0.403498969	0.372723759	0.664072633	0.069993948	0.071917509	0.014457707	0.890393243	0.484073747	0.373323521	0.718195592	0.427945602
94	231BL	1	0.035924937	0.336853066	0.40010684	0.301577324	0.481039209	0.601061937	0.564617886	0.388926538	0.918678526	0.270858713	0.076450584	0.014688088	0.886502257	0.537025296	0.282826509	0.617920847	0.681965143
95	233BL	1	0.014186737	0.33900788	0.396948842	0.267367682	0.47516525	0.617660961	0.509327599	0.377699079	0.929359823	0.151092771	0.046289691	0.013635244	0.899845694	0.19719735	0.509832043	0.694694909	0.705438318
96	234BL	1	0.04144176	0.413946894	0.484093921	0.372954466	0.525312316	0.667033107	0.581913056	0.470427795	0.938492872	0.182747278	0.100143294	0.016457068	0.87829306	0.612458111	0.387595783	0.800967486	0.684057587
29	234DZ	0	0.079886519	0.421207978	0.455654506	0.331232169	0.483983828	0.64137504	0.440120318	0.484677066	0.620946305	0.127294885	0.11611139	0.016283661	0.767949136	0.561985719	0.388338342	0.637319511	0.6494999
97	235BL	1	0.014983961	0.342515007	0.383713445	0.263820075	0.448070939	0.568030904	0.370860086	0.38170829	0.840069535	0.075735722	0.061017815	0.014450464	0.731248492	0.463813278	0.443521581	0.695328759	0.685032964
98	236BL	1	0.039391538	0.357025015	0.430764469	0.310166895	0.473034871	0.632536876	0.645305141	0.403481692	0.923352069	0.104204164	0.079282787	0.013569038	0.884015961	0.515410321	0.457500339	0.723701299	0.688922204
170	236DZ	0	0.093407082	0.39601868	0.43920606	0.348053586	0.429239928	0.599278664	0.411657576	0.436644075	0.66448292	0.114846271	0.094737741	0.015080483	0.867536221	0.551262288	0.434106248	0.659668508	0.65201766
99	237BL	1	0.021223336	0.331320917	0.36230829	0.287957588	0.348304647	0.522047738	0.342180427	0.362751237	0.755923111	0.073332994	0.058816045	0.014154296	0.805283403	0.246969833	0.492153194	0.704166667	0.687149426
100	238BL	1	0.045626927	0.398183423	0.44046478	0.33378522	0.420302312	0.600798428	0.420629686	0.436533422	0.74567746	0.155167568	0.081644884	0.014022614	0.890833119	0.478884327	0.460992059	0.7025	0.677592286
101	239BL	1	0.022606508	0.35227703	0.385488203	0.30413654	0.422815239	0.575025582	0.400232704	0.385137564	0.834792123	0.163906961	0.091203731	0.01481449	0.882637773	0.488060935	0.395085289	0.699294651	0.658258805
22	23BL	1	0.013118736	0.319684733	0.384678661	0.284792404	0.429378102	0.591830698	0.529615416	0.37759789	0.880924171	0.079425446	0.074852931	0.014303833	0.906876456	0.413962665	0.319698792	0.807228916	0.372443922
189	23DZ	0	0.039360845	0.403919186	0.444994862	0.371815136	0.500228663	0.6186871	0.451815087	0.447014251	0.851081531	0.111342204	0.082698696	0.017396657	0.88735693	0.390001211	0.409501543	0.742857143	0.444481299
102	240BL	1	0.022810241	0.379991297	0.420759675	0.295355942	0.4653392	0.591845815	0.441866139	0.440330452	0.631711794	0.125486045	0.076638599	0.013335001	0.818129508	0.324172032	0.510598196	0.706480504	0.684973256
103	241BL	1	0.032542337	0.343452927	0.382845572	0.272021736	0.416728856	0.605014338	0.414086829	0.401251689	0.737899073	0.145711612	0.06542175	0.012048321	0.511744879	0.424972527	0.399634892	0.790508273	0.425097018
104	242BL	1	0.037383551	0.401584071	0.435550523	0.357535132	0.458117434	0.608089122	0.438436478	0.440803331	0.436689655	0.157568152	0.069921571	0.015050819	0.781868059	0.477426673	0.490883282	0.682421684	0.450064924
54	242DZ	0	0.078454982	0.418346501	0.445319254	0.341673196	0.500591116	0.614397799	0.460026529	0.445835946	0.674558304	0.172235465	0.105246892	0.017022971	0.764406988	0.612709134	0.35521377	0.687878788	0.470648676
105	243BL	1	0.011418597	0.425211707	0.458848541	0.375223566	0.459852314	0.613361378	0.481783548	0.451953558	0.889044159	0.067157397	0.044451066	0.0155105	0.774709606	0.441193035	0.381899431	0.613831479	0.382309047
106	244BL	1	0.015798328	0.398915186	0.443706867	0.37523462	0.477380311	0.607697539	0.521684815	0.416730505	0.782982045	0.098966837	0.071120393	0.030113636	0.849805486	0.614359876	0.466885674	0.757143469	0.697123541
152	245DZ	0	0.03544429	0.404119671	0.422239259	0.311080107	0.433802687	0.634288389	0.366366052	0.498080954	0.651243998	0.18531029	0.100373885	0.014181735	0.908348155	0.322732087	0.358008772	0.708262654	0.516524122
124	248DZ	0	0.048497083	0.391918481	0.431899768	0.325050177	0.465425172	0.592645241	0.419685725	0.438178396	0.731004902	0.188550365	0.086777026	0.016295539	0.807063746	0.492709559	0.407922074	0.769047619	0.676314223
144	24DZ	0	0.022192013	0.405955163	0.448050846	0.327350375	0.485843245	0.62300663	0.426251798	0.436462613	0.799070848	0.09968169	0.079477619	0.011764177	0.558541012	0.203075745	0.435432864	0.648327759	0.677474539
111	259DZ	0	0.034794202	0.408112897	0.436386077	0.380436689	0.461804018	0.617774831	0.425933106	0.458970876	0.769428388	0.10775893	0.086551115	0.014449944	0.933901146	0.553632141	0.451289798	0.661971831	0.672783628
110	25BL	1	0.0197176	0.385905208	0.437361543	0.323211821	0.466641991	0.608607138	0.451175982	0.437108731	0.784303797	0.190353837	0.081025124	0.043181818	0.876549143	0.160987809	0.385686977	0.735632184	0.688371777
191	277DZ	0	0.08488054	0.383962639	0.428271484	0.261553248	0.374759549	0.619781558	0.455408148	0.425651986	0.438921651	0.186371444	0.122865715	0.021335685	0.912904783	0.674961795	0.46497233	0.638794926	0.416921582
146	27DZ	0	0.032693194	0.382745305	0.426523544	0.337605153	0.439516826	0.616640354	0.429415862	0.420661775	0.836510501	0.192397531	0.089049214	0.014936043	0.815021804	0.468929236	0.329153124	0.783018868	0.41261844
162	288DZ	0	0.035649134	0.367611209	0.421784415	0.331118231	0.409107588	0.603231211	0.451817212	0.400824208	0.784693019	0.214343211	0.0760516	0.016886791	0.894286487	0.472295004	0.39799784	0.775806452	0.674502893
147	294DZ	0	0.077308495	0.446654118	0.496518514	0.384540192	0.517448499	0.684739371	0.533232291	0.513210697	0.907164179	0.23329471	0.122672702	0.016130619	0.818146116	0.296397847	0.519221374	0.725517809	0.627610751
25	29BL	1	0.015378163	0.321579561	0.370353815	0.275693971	0.37919513	0.565442188	0.353414776	0.357981437	0.692987457	0.086812964	0.070106368	0.014972909	0.832811209	0.598070228	0.422126565	0.79747625	0.385414166
167	2DZ	0	0.089591784	0.487308692	0.532170072	0.349757497	0.556583357	0.714033691	0.487114942	0.555618687	0.700327511	0.23579317	0.166676083	0.024095265	0.921713811	0.163817441	0.487705823	0.625142988	0.620677871
163	300DZ	0	0.045245707	0.407762329	0.454210113	0.38675339	0.437257274	0.626105725	0.474315387	0.479099082	0.848979592	0.169308086	0.079701788	0.015071372	0.769062317	0.59077361	0.491156211	0.717357911	0.670568704
26	30BL	1	0.061791343	0.378044008	0.413414339	0.323103343	0.453489568	0.590655812	0.416275835	0.468176276	0.50808884	0.194802426	0.076226577	0.013178614	0.911227355	0.517472415	0.401141035	0.694600323	0.661438639
7	314DZ	0	0.025107247	0.405775537	0.44826735	0.316979116	0.456360943	0.618167607	0.431217674	0.446703023	0.836117741	0.210638888	0.071694267	0.018297064	0.871022462	0.341035876	0.462161689	0.668825911	0.437798007
27	31BL	1	0.035031827	0.387135952	0.434858222	0.347436907	0.463323075	0.644163387	0.494269705	0.43200962	0.885881822	0.096264937	0.08127687	0.013724206	0.771824813	0.35462354	0.314235459	0.592069313	0.802762754
55	320DZ	0	0.039479169	0.388342263	0.429812287	0.289514828	0.474964389	0.627619847	0.432856986	0.450777252	0.636091127	0.241760805	0.107732998	0.015688074	0.858005238	0.566304722	0.357518956	0.757303371	0.626493699
19	321DZ	0	0.045697366	0.383593001	0.430262203	0.360014811	0.423046503	0.61521914	0.408306992	0.424215678	0.814460393	0.097637851	0.079000308	0.015078786	0.891101395	0.252526303	0.41650125	0.804395604	0.458981396
42	323DZ	0	0.041428384	0.343224958	0.38356677	0.325769475	0.411049576	0.593207901	0.409586028	0.394477149	0.616393443	0.111273589	0.083665389	0.014725578	0.904473655	0.395802213	0.345726753	0.63452381	0.688557003
127	326DZ	0	0.032901228	0.378522134	0.412979776	0.311233983	0.447415369	0.635849948	0.450119122	0.426524241	0.931705298	0.08865559	0.093727053	0.014763264	0.79012224	0.410063157	0.476509572	0.771884422	0.654182209
43	327DZ	0	0.040618191	0.401879638	0.439069518	0.301033686	0.444423504	0.613140313	0.417521322	0.457601882	0.73965627	0.1166841	0.116020282	0.015305037	0.832941338	0.421034026	0.52113562	0.711120298	0.451826679
40	329DZ	0	0.039934661	0.498573942	0.565236447	0.468686594	0.571361179	0.733459673	0.502201059	0.536280582	0.909505703	0.090530608	0.082573098	0.016044767	0.655379016	0.377955016	0.527384433	0.781333333	0.680931471
28	32BL	1	0.028497879	0.388181595	0.425227514	0.334999273	0.429839137	0.625617598	0.438101268	0.440248183	0.674974739	0.163674416	0.090102468	0.013966269	0.900358852	0.256741852	0.374490729	0.61215752	0.668999412
96	330DZ	0	0.048343937	0.418976336	0.465055708	0.346259973	0.545499587	0.659043715	0.607318089	0.455335241	0.891190007	0.202784373	0.086688254	0.014352613	0.6952281	0.460686345	0.487428477	0.797197309	0.685909373
75	335DZ	0	0.035078334	0.442490291	0.456378225	0.392099962	0.476815942	0.625886092	0.552195917	0.472635696	0.927536232	0.131376313	0.057624503	0.009381068	0.47625248	0.335239969	0.406496906	0.746902655	0.676660384
48	338DZ	0	0.043698415	0.536629825	0.626688566	0.439666851	0.621386271	0.759263777	0.708230474	0.612400764	0.874319229	0.156954162	0.110733895	0.017818296	0.67861817	0.456494034	0.445133114	0.647287961	0.678593298
86	339DZ	0	0.032892484	0.403246278	0.444054549	0.366097501	0.437734183	0.629839932	0.467544467	0.47053402	0.758610709	0.189268405	0.079768499	0.014435158	0.621845633	0.349286887	0.436266456	0.618292683	0.69079295
29	33BL	1	0.024955835	0.344482166	0.378730334	0.282129594	0.37373503	0.592654344	0.36198522	0.384585748	0.54904014	0.237609487	0.079024939	0.014212305	0.881582227	0.465417655	0.319472399	0.627322404	0.427770865
62	349DZ	0	0.024171262	0.358211056	0.403081432	0.333695484	0.435722782	0.572011874	0.405351328	0.390651591	0.319494585	0.126426927	0.081170014	0.014175118	0.785268299	0.647594584	0.39136135	0.779487179	0.349020092
30	34BL	1	0.045257024	0.397480234	0.44033087	0.347914939	0.460377454	0.631536985	0.414389313	0.447733757	0.793264733	0.184167699	0.080970176	0.013201904	0.925106967	0.256196041	0.513728806	0.759735605	0.656152456
25	350DZ	0	0.028397065	0.375443328	0.421796277	0.346431623	0.446868563	0.651961054	0.48291287	0.450358448	0.764079148	0.134723924	0.084320366	0.016410074	0.776659867	0.256831094	0.368455525	0.773333333	0.689090664
126	355DZ	0	0.083897282	0.427433372	0.478768083	0.416467737	0.530029573	0.652215425	0.480308654	0.502426067	0.777059077	0.127024354	0.138477458	0.015808504	0.874149377	0.509968141	0.36771813	0.701449275	0.622891721
114	35BL	1	0.018524307	0.311953124	0.344482385	0.229995501	0.376067616	0.567860576	0.392625731	0.354424515	0.698262725	0.086769326	0.065831885	0.012557101	0.89681172	0.59836733	0.299423901	0.715326835	0.683585986
31	36BL	1	0.026854164	0.419815	0.469322837	0.268942367	0.453945086	0.651443103	0.431805453	0.44292737	0.731608731	0.064481541	0.062909433	0.023940719	0.895493803	0.698104042	0.481584679	0.709090909	0.385977592
131	371DZ	0	0.04786924	0.383654315	0.427082654	0.295790816	0.440902947	0.616541449	0.434818978	0.437622688	0.71473851	0.225137354	0.098887026	0.013192664	0.743209613	0.378364255	0.341734205	0.590810201	0.484945202
132	372DZ	0	0.04464373	0.413246793	0.446877627	0.337435967	0.494485709	0.631739752	0.455343048	0.474489168	0.655685778	0.144099711	0.098696173	0.014754289	0.833879421	0.271078932	0.508036742	0.746096537	0.500566349
53	373DZ	0	0.028216794	0.369189562	0.431751	0.318662309	0.432593062	0.62577004	0.492993555	0.439046718	0.847868852	0.108937553	0.071892322	0.004166667	0.894002488	0.215101935	0.378034169	0.758872518	0.440657803
9	376DZ	0	0.034897591	0.425704424	0.492109766	0.331516147	0.486147075	0.635966396	0.483895941	0.439543719	0.714051618	0.096513367	0.093159359	0.01458347	0.896241296	0.375431523	0.478722819	0.741832159	0.665232278
32	37BL	1	0.028670696	0.398068703	0.451908788	0.307811475	0.478779615	0.611829528	0.472833864	0.454287608	0.84696474	0.127453224	0.077711702	0.014865775	0.688284556	0.456700072	0.437364797	0.714364659	0.687199638
35	385DZ	0	0.043954395	0.375396878	0.396542437	0.287715452	0.428769387	0.580921508	0.398277797	0.415538027	0.482112436	0.25993202	0.106351075	0.015671683	0.913183733	0.589198178	0.360802248	0.691525424	0.417028592
138	388DZ	0	0.048941939	0.39296638	0.419061729	0.341929497	0.435799678	0.588255663	0.439425104	0.422448037	0.649705244	0.109592334	0.085671421	0.015392146	0.878622293	0.381167636	0.40963645	0.771797774	0.488120795
109	38BL	1	0.02124334	0.362374529	0.422098161	0.321735718	0.461164349	0.606856912	0.402960582	0.404430332	0.326480515	0.105374846	0.063562613	0.014281061	0.851288466	0.59973195	0.297904805	0.784297829	0.408115067
161	390DZ	0	0.031409517	0.367829794	0.414747239	0.263664356	0.432495528	0.598657506	0.385651808	0.408238174	0.733217593	0.195532175	0.083449262	0.016762656	0.882430361	0.478912763	0.481839837	0.675172414	0.667184197
159	395DZ	0	0.133426627	0.429864448	0.474150614	0.325955906	0.528147238	0.658461493	0.521696586	0.498440418	0.534831461	0.144288473	0.130842512	0.015519396	0.911944168	0.230436491	0.41344343	0.68568445	0.631606514
41	398DZ	0	0.042688344	0.359556122	0.410773721	0.330565429	0.365796493	0.61027488	0.367976204	0.445390776	0.903207653	0.195880895	0.100253857	0.018221884	0.732791431	0.440895135	0.443514916	0.733944954	0.659672429
190	399DZ	0	0.064273687	0.441134402	0.474406408	0.367631079	0.536715926	0.652165815	0.448007193	0.487687966	0.880952381	0.180762067	0.10780157	0.016403463	0.763481975	0.372652742	0.305749793	0.726455548	0.657842216
115	39BL	1	0.021447407	0.314359106	0.362135282	0.290133384	0.378063099	0.543312063	0.333900065	0.373710563	0.720479705	0.064254428	0.074172492	0.013231048	0.87465481	0.286135824	0.366905059	0.666027472	0.680953214
3	3BL	1	0.033599824	0.339894779	0.372084557	0.277571682	0.409649024	0.563726416	0.437063309	0.382496138	0.697770866	0.137974929	0.071440359	0.014929638	0.828006554	0.549333355	0.384623254	0.803308778	0.675687872
149	407DZ	0	0.059405158	0.454771211	0.523948302	0.417317018	0.580505239	0.690668219	0.743673204	0.503402023	0.930584919	0.160363418	0.101685827	0.015923572	0.763762034	0.405784563	0.426002992	0.62598906	0.672741376
36	409DZ	0	0.035978847	0.325270256	0.367628448	0.268892669	0.369629507	0.549067262	0.336946926	0.368237323	0.612474849	0.256667052	0.079462956	0.022867431	0.640192664	0.171160273	0.433511562	0.785086556	0.393652953
33	40BL	1	0.030551809	0.344588993	0.392807069	0.286987695	0.453508417	0.631532643	0.430760556	0.38487975	0.803907638	0.142973172	0.071874597	0.014363794	0.877268079	0.595735956	0.454217009	0.64684356	0.686188013
3	40DZ	0	0.042920018	0.404969363	0.442086296	0.346801015	0.427105698	0.596239553	0.466983433	0.453231487	0.863443596	0.20048991	0.077457533	0.014898552	0.732412492	0.5468062	0.494772503	0.781946974	0.66193595
192	414DZ	0	0.031962929	0.377332086	0.423427674	0.309108132	0.450194404	0.601525173	0.489215006	0.41583479	0.855618777	0.147878008	0.083575114	0.014973022	0.904598759	0.567108589	0.373673677	0.754385965	0.676536415
34	41BL	1	0.019272583	0.339344982	0.405993096	0.389165557	0.471893381	0.608888134	0.537056392	0.400564008	0.870195794	0.195670111	0.061965402	0.016006834	0.857698432	0.327215042	0.394159925	0.803767065	0.70303542
81	41DZ	0	0.044356656	0.470154504	0.569915095	0.396608348	0.564304503	0.670600955	0.544092884	0.547212076	0.942369264	0.138286195	0.084414353	0.023299382	0.941288567	0.525450091	0.488514894	0.7	0.688844432
35	42BL	1	0.013063032	0.37016755	0.414375801	0.272504467	0.412719872	0.614051492	0.418455224	0.423713333	0.638049815	0.219914186	0.123668757	0.019891235	0.8638573	0.497406039	0.571818951	0.534482759	0.703542252
140	42DZ	0	0.029323402	0.360480828	0.413234948	0.304967557	0.432165637	0.578092348	0.388604766	0.420119348	0.765421373	0.143674571	0.083155033	0.015099259	0.871409445	0.365167956	0.333924597	0.738195472	0.218882279
90	430DZ	0	0.023580398	0.390945845	0.459106388	0.324355682	0.506165582	0.640764314	0.549500674	0.447124865	0.840217739	0.104778383	0.070466545	0.014494207	0.804693076	0.436773354	0.450672049	0.752	0.695319899
89	433DZ	0	0.052104595	0.41166528	0.451072542	0.361685353	0.531694924	0.659139268	0.534472376	0.461274955	0.730414747	0.116912354	0.105578341	0.014334377	0.613105236	0.220503524	0.466948642	0.710174343	0.652964601
39	436DZ	0	0.05095597	0.441030151	0.548546562	0.463876407	0.512952478	0.67883342	0.56376832	0.509168603	0.602504944	0.157130402	0.092562862	0.013188899	0.934347617	0.194708283	0.650371373	0.558923395	0.657074175
36	43BL	1	0.017035575	0.342100383	0.409371664	0.293419514	0.434623628	0.590592722	0.478450709	0.372798306	0.73253833	0.060641536	0.083751566	0.013302683	0.633543571	0.503986201	0.45944338	0.77781583	0.390767411
125	441DZ	0	0.024288319	0.399042499	0.438217526	0.324355431	0.456753572	0.633088261	0.433895966	0.457789436	0.801211771	0.190167454	0.085910027	0.012146948	0.891636043	0.394686805	0.410311988	0.772743091	0.665324717
112	44BL	1	0.038273567	0.342302913	0.369797003	0.248626001	0.388558631	0.56973425	0.365069046	0.36518644	0.707446809	0.097687609	0.068660625	0.014508977	0.892793436	0.592256035	0.305797928	0.773033708	0.662530085
10	454DZ	0	0.025421291	0.344296258	0.419312424	0.318374244	0.409278619	0.601736661	0.4381618	0.383888966	0.712471132	0.166935362	0.078762777	0.014218045	0.851854968	0.364369542	0.430259116	0.716326531	0.806609552
155	45DZ	0	0.025192094	0.347460585	0.405055395	0.245048722	0.425811958	0.620908287	0.333102041	0.402796811	0.730083964	0.20156298	0.088611507	0.016229547	0.60558217	0.364744409	0.383830168	0.734559851	0.670293525
113	46BL	1	0.031389942	0.321695108	0.351885736	0.274942378	0.387733996	0.57828116	0.36678162	0.344034046	0.729170621	0.097028589	0.079613672	0.014671713	0.861787765	0.465560019	0.369152618	0.73766031	0.391721695
108	474DZ	0	0.025678675	0.355527033	0.413324455	0.306623811	0.404258741	0.579505101	0.371565612	0.386460258	0.793393057	0.172406912	0.076967779	0.014855814	0.918022926	0.421595513	0.328203267	0.811973792	0.683662008
111	47BL	1	0.019723504	0.346995227	0.393763853	0.290344896	0.442565008	0.589329881	0.534944644	0.403163626	0.761941748	0.135542001	0.06628941	0.012521912	0.779344672	0.320186831	0.41991463	0.797246804	0.690113079
166	480DZ	0	0.051813373	0.366717689	0.41267523	0.301339869	0.417342149	0.577104968	0.438858461	0.419630093	0.585958904	0.156343694	0.086855977	0.014419294	0.820758923	0.463213358	0.336832719	0.665556897	0.652920422
58	483DZ	0	0.057981669	0.349004734	0.394860327	0.304052437	0.390417473	0.571380203	0.35802547	0.394830967	0.681087077	0.109419926	0.100868008	0.016672105	0.558330268	0.122143453	0.331864475	0.724786325	0.659168914
49	484DZ	0	0.021239285	0.380275637	0.438976989	0.275202805	0.428773383	0.597861976	0.422100445	0.437666025	0.643356643	0.166216438	0.076785171	0.014807948	0.797864013	0.356445599	0.43356733	0.668018724	0.674376625
193	488DZ	0	0.060264109	0.390859751	0.427584712	0.329930933	0.455246572	0.633868518	0.475365192	0.416712808	0.837273039	0.197336882	0.099604138	0.016331281	0.869788135	0.537715564	0.365340717	0.62	0.672813964
37	48BL	1	0.034540686	0.37444285	0.435990944	0.324520196	0.418881123	0.620080568	0.416080821	0.435871096	0.806930693	0.166583743	0.082009727	0.022287052	0.882109659	0.460133159	0.417134925	0.724140467	0.691102694
174	48DZ	0	0.023938035	0.42520084	0.4617117	0.36	0.419766706	0.48254121	0.450236669	0.455269196	0.634459485	0.165739698	0.083986083	0.015028033	0.842809484	0.309513513	0.433802509	0.704861067	0.609134606
13	498DZ	0	0.104707746	0.570026174	0.669402976	0.460437815	0.762818459	0.847065086	0.865342326	0.618369993	0.969551979	0.324240632	0.100879335	0.016712302	0.846574491	0.221837384	0.543389663	0.584423123	0.646637509
22	499DZ	0	0.059765574	0.423453906	0.481479255	0.370099337	0.513835031	0.660399501	0.376109697	0.469714165	0.596166557	0.149151207	0.080825342	0.016245211	0.921070273	0.293596261	0.372290445	0.667754473	0.651753143
38	49BL	1	0.03702396	0.425485166	0.468930398	0.310544332	0.43160062	0.620764344	0.442622881	0.468213071	0.729449838	0.239598688	0.077700968	0.013974746	0.710675734	0.435267078	0.498978154	0.739240506	0.438126633
4	4BL	1	0.024991813	0.381156501	0.416869566	0.276019368	0.406483818	0.580109375	0.42345023	0.429087707	0.72122945	0.070368471	0.065777201	0.015227395	0.876156952	0.572382981	0.498081101	0.775451264	0.674947288
130	501DZ	0	0.028520715	0.472990578	0.533849934	0.342690166	0.606999802	0.720014447	0.731786256	0.541222101	0.890275387	0.099771057	0.081629371	0.015756418	0.90620841	0.365417797	0.56531279	0.695726284	0.451392681
121	503DZ	0	0.026403236	0.352805868	0.399431341	0.331126287	0.466361549	0.590747955	0.387168414	0.398218321	0.804703781	0.095673678	0.074071922	0.012918988	0.902125549	0.294232668	0.275317522	0.741064943	0.678476362
21	509DZ	0	0.08815138	0.453512766	0.504572861	0.384286205	0.521548172	0.678788306	0.544638968	0.503776355	0.794378698	0.25029718	0.103442846	0.017732259	0.875005419	0.159322409	0.448005867	0.623350155	0.632505438
39	50BL	1	0.024857262	0.421808285	0.500303497	0.430859727	0.535300894	0.661118038	0.657768107	0.479928124	0.915356711	0.143386291	0.09229371	0.014806054	0.8267835	0.450789381	0.448400291	0.743211678	0.363657711
40	51BL	1	0.03727541	0.378579092	0.421593988	0.279972677	0.433205922	0.632367302	0.476865826	0.425242278	0.854470632	0.16084379	0.080578218	0.014536735	0.898393354	0.355642077	0.440074272	0.67858614	0.657444623
14	520DZ	0	0.02907991	0.359877625	0.412639456	0.28096088	0.441352025	0.584885958	0.432038948	0.409257655	0.836683417	0.172055399	0.082202982	0.015058274	0.813175811	0.409205185	0.371692843	0.808602151	0.475076831
15	521DZ	0	0.064960419	0.404348335	0.470169056	0.320868079	0.482906091	0.67036353	0.559019208	0.468210968	0.937895342	0.138506532	0.093726536	0.013567153	0.607314874	0.654389775	0.400202351	0.720833333	0.676018192
28	522DZ	0	0.03581799	0.383489939	0.435635425	0.336023912	0.478610617	0.643139535	0.549212272	0.447132177	0.821253071	0.269303586	0.087220491	0.014858162	0.827690603	0.148897891	0.364315185	0.597619048	0.670759786
32	523DZ	0	0.029481974	0.33694201	0.368738623	0.24964647	0.408660166	0.559863062	0.377692356	0.375749115	0.685483871	0.152973434	0.073992378	0.014399882	0.704627566	0.338357424	0.405294197	0.659476076	0.414080986
33	524DZ	0	0.040702635	0.345048349	0.389294592	0.310930474	0.437165677	0.592990893	0.410340208	0.387670442	0.887908497	0.174700454	0.071562925	0.014213817	0.865272756	0.41449498	0.347612413	0.825562219	0.670846479
34	525DZ	0	0.034913579	0.390142929	0.438333316	0.383274471	0.482720398	0.588111024	0.457243425	0.421707438	0.743385285	0.139269891	0.073930343	0.014877746	0.800533143	0.475360081	0.352113433	0.780262913	0.409262587
37	526DZ	0	0.0201478	0.380693857	0.429688629	0.315526165	0.40964547	0.582161748	0.390602173	0.427400089	0.584366063	0.214304779	0.079184193	0.015209269	0.836308467	0.24794321	0.340447434	0.76	0.688519194
38	527DZ	0	0.055588076	0.364992157	0.403179531	0.310415805	0.425662163	0.581696992	0.411284227	0.405010804	0.657534247	0.194753553	0.091522322	0.017980519	0.84742591	0.380424072	0.350172743	0.605555556	0.461958336
47	528DZ	0	0.019183492	0.366623547	0.412528424	0.276836004	0.451327313	0.610549725	0.49514617	0.42373758	0.822677925	0.094741107	0.075565396	0.014997592	0.849665385	0.393425284	0.37948942	0.666666667	0.679148458
50	529DZ	0	0.029038193	0.359535917	0.403736492	0.280210354	0.407982848	0.594314485	0.422629563	0.406011703	0.842323651	0.108773676	0.08274081	0.016169092	0.861132943	0.377819823	0.383454216	0.742215256	0.680183774
41	52BL	1	0.027366108	0.334915767	0.407523571	0.287757379	0.387059097	0.577909774	0.412161408	0.381373569	0.849198561	0.220430615	0.077433338	0.01537579	0.80918745	0.363658148	0.251960183	0.407290373	0.683235188
158	52DZ	0	0.026882459	0.410519082	0.501367691	0.340765488	0.55360208	0.707695934	0.625204354	0.475585392	0.951449003	0.094327549	0.078221142	0.014544452	0.870095243	0.451701637	0.40540055	0.67184573	0.676805061
57	530DZ	0	0.028748494	0.406427447	0.441081101	0.352647401	0.444369198	0.626545444	0.428092298	0.432195194	0.730584851	0.16923432	0.082576243	0.015192299	0.860112278	0.427756918	0.48953565	0.68	0.662425341
135	531DZ	0	0.024153869	0.344366619	0.391992958	0.243933412	0.404782959	0.600964165	0.362777661	0.383751654	0.704391127	0.075402631	0.072434119	0.015758765	0.883287192	0.532144541	0.442018505	0.778109236	0.452495707
59	532DZ	0	0.051491583	0.423808434	0.470692198	0.342902695	0.459678694	0.629259335	0.447177405	0.437751396	0.692996314	0.234390747	0.092479968	0.015327836	0.893798748	0.540905634	0.453972376	0.692473118	0.684214471
60	533DZ	0	0.029692316	0.371755511	0.421366852	0.334187855	0.431221225	0.621619303	0.453077733	0.436345147	0.836633663	0.160281996	0.074958196	0.018193489	0.707584284	0.155413567	0.400982057	0.805050505	0.6819989
61	534DZ	0	0.013986665	0.387139782	0.414409195	0.317356674	0.440295104	0.615879626	0.403602795	0.427315143	0.798269581	0.060504458	0.055749458	0.011420143	0.505061755	0.639550245	0.476045367	0.794062969	0.355784173
63	535DZ	0	0.015619666	0.367927741	0.427587127	0.298075744	0.505354699	0.625037364	0.522358362	0.398828659	0.766369048	0.150089432	0.064849216	0.013859822	0.771171497	0.343405686	0.365683408	0.66221555	0.683974999
122	536DZ	0	0.033471033	0.388837065	0.43141401	0.357939535	0.442609864	0.619091076	0.441416441	0.419638172	0.772015884	0.103741646	0.082813616	0.014860246	0.745177712	0.48753239	0.411137844	0.788968478	0.680391339
123	537DZ	0	0.049645668	0.355392521	0.39412172	0.280196688	0.420335886	0.589647967	0.404093904	0.40152479	0.747569039	0.169942134	0.099667394	0.015537388	0.83661915	0.570696284	0.389693435	0.74676259	0.442122019
56	539DZ	0	0.022079859	0.348721803	0.392464886	0.298127799	0.423903453	0.581960159	0.383079264	0.401542675	0.714158504	0.105821718	0.074748829	0.017353304	0.906381348	0.48256027	0.405520257	0.770707071	0.466072184
42	53BL	1	0.013333414	0.336091441	0.384220184	0.253173698	0.426274713	0.585538946	0.474067422	0.356928467	0.585941043	0.143325969	0.058363515	0.014036479	0.896722221	0.382366053	0.359684068	0.776	0.705462655
176	53DZ	0	0.027560027	0.336974045	0.370468932	0.26573804	0.425628273	0.600948021	0.388841212	0.382074185	0.769736842	0.106068998	0.075327863	0.013937342	0.925040355	0.61914005	0.375512483	0.727272727	0.42977636
150	540DZ	0	0.024499734	0.414228876	0.455317962	0.313571647	0.452531936	0.618665523	0.467862801	0.448517273	0.760692464	0.08855872	0.071160923	0.014655504	0.693142746	0.452432094	0.4220359	0.796065574	0.681585002
153	541DZ	0	0.029141804	0.338696551	0.383196578	0.25133532	0.402880726	0.575668954	0.387321974	0.373520498	0.74248927	0.209083303	0.094583216	0.012154352	0.842884218	0.493915331	0.345731305	0.623214286	0.671518015
154	542DZ	0	0.021666536	0.326332263	0.37177278	0.232504899	0.402718874	0.58047886	0.366302133	0.364827597	0.876962025	0.089085027	0.067807237	0.012762586	0.869706671	0.213389359	0.36253524	0.739756289	0.45635151
165	543DZ	0	0.064108295	0.384471209	0.439460636	0.294668571	0.48904574	0.646397945	0.47751715	0.44443631	0.864394489	0.226310876	0.088764008	0.015172598	0.820145281	0.422256928	0.462869966	0.711562144	0.674911011
168	544DZ	0	0.019918441	0.360747962	0.418178763	0.285691019	0.42653924	0.568809658	0.440971765	0.419476949	0.703570259	0.103616487	0.083004373	0.01743218	0.812941006	0.51766706	0.43082385	0.644705882	0.686812603
171	545DZ	0	0.030588463	0.572703178	0.679468994	0.435773618	0.766661349	0.817602706	0.896916131	0.608375264	0.952658412	0.18350068	0.085021218	0.015836449	0.77758903	0.325533831	0.407574894	0.795828432	0.692965295
173	546DZ	0	0.018763496	0.351891707	0.389958883	0.314108649	0.389776296	0.575378436	0.388035979	0.394157716	0.851973684	0.215622704	0.061862886	0.014858211	0.861434743	0.418127486	0.40085591	0.703775552	0.389960716
178	547DZ	0	0.031757515	0.365820014	0.407479683	0.359145116	0.41093122	0.629133587	0.397391834	0.42531431	0.889255109	0.122242863	0.061082208	0.012838895	0.933222723	0.223523771	0.398726107	0.605820106	0.693398007
180	548DZ	0	0.04362655	0.339221109	0.396948328	0.262105891	0.395273631	0.57823762	0.490116093	0.396669338	0.76524315	0.104863131	0.072018037	0.01534383	0.72763926	0.210633765	0.331046257	0.806229874	0.675918894
181	549DZ	0	0.026764148	0.400199804	0.448164706	0.345284747	0.459511787	0.611699663	0.429592028	0.438789018	0.757952286	0.100353649	0.076700284	0.016524366	0.864323284	0.46869451	0.445898911	0.731046922	0.670387867
108	54BL	1	0.024145083	0.379867105	0.432732896	0.288515382	0.409304709	0.632435854	0.460223054	0.426693866	0.778256189	0.192409232	0.080118511	0.01406298	0.908347632	0.280684804	0.48910802	0.788069455	0.68055643
182	550DZ	0	0.028399162	0.410373547	0.444981377	0.369483456	0.454362389	0.621589398	0.452423554	0.455591862	0.841817659	0.10535281	0.079570964	0.0151999	0.757518431	0.561130629	0.419860587	0.757142857	0.671973091
185	551DZ	0	0.017190448	0.378904957	0.421613103	0.263203059	0.436387153	0.604715717	0.39534411	0.416383761	0.727411945	0.146006531	0.07842349	0.024947924	0.859002085	0.497077143	0.392145324	0.594594595	0.666653874
186	552DZ	0	0.028769266	0.339158029	0.373735173	0.302581048	0.375577411	0.566104764	0.38643081	0.375073809	0.759737755	0.105479388	0.081678901	0.015430088	0.852730547	0.245316005	0.344201325	0.765217391	0.670086746
188	553DZ	0	0.021253991	0.343835056	0.375061974	0.304412263	0.412286317	0.582287105	0.387034441	0.406953569	0.60277981	0.104158583	0.093003907	0.01115112	0.801260945	0.578485326	0.29953427	0.673214286	0.672490561
65	554DZ	0	0.029480358	0.381339717	0.427351159	0.254807505	0.437108543	0.591949034	0.412643905	0.419950264	0.762345679	0.099011735	0.086072903	0.016124066	0.850232044	0.379035833	0.439121298	0.761152882	0.680270904
66	555DZ	0	0.02433761	0.407911406	0.4530205	0.308484365	0.438840858	0.64794026	0.503255138	0.434746732	0.799385875	0.225688121	0.091085988	0.013496211	0.645645059	0.243624113	0.387522652	0.866666667	0.664688011
67	556DZ	0	0.042867287	0.348265485	0.375348249	0.388701132	0.383458179	0.571698459	0.382430926	0.384829871	0.64192418	0.205227961	0.084879278	0.015037248	0.951480264	0.267382246	0.361210946	0.667579909	0.383821939
73	557DZ	0	0.023264612	0.420853589	0.481726994	0.316354416	0.511282725	0.669330302	0.599289558	0.478548447	0.789934354	0.168089868	0.07068653	0.014304579	0.841942369	0.431686102	0.400222973	0.696774194	0.678456626
74	558DZ	0	0.026652356	0.378574769	0.412442135	0.367537623	0.45119483	0.58501662	0.428429201	0.433456363	0.793848712	0.108251842	0.09140768	0.014839182	0.846868722	0.362150792	0.436074393	0.738461538	0.678516491
76	559DZ	0	0.048899682	0.471266598	0.512456021	0.408649235	0.531210043	0.685114133	0.501695438	0.556815405	0.838421445	0.23577156	0.090440287	0.017124545	0.805797861	0.037673304	0.608596806	0.700259054	0.638174383
195	55BL	1	0.015327059	0.441322398	0.505419413	0.367659409	0.60005733	0.7281702	0.661282319	0.496909009	0.928097345	0.137131281	0.058828369	0.013287097	0.91155295	0.521909909	0.425129277	0.790588235	0.694760875
136	55DZ	0	0.019904157	0.423334291	0.495735996	0.395950833	0.569702398	0.703045186	0.696655415	0.489483994	0.893231649	0.200578624	0.071401494	0.014320787	0.815806347	0.344459836	0.460152114	0.695341935	0.423340874
82	561DZ	0	0.028833197	0.369779529	0.434450508	0.330565726	0.42529614	0.615567284	0.480250841	0.416407509	0.73046595	0.172455186	0.063190375	0.013345821	0.908624077	0.478857689	0.489218745	0.657142857	0.688181359
84	562DZ	0	0.024189237	0.335008209	0.367508957	0.287830429	0.378068406	0.563683389	0.35501765	0.357857086	0.817479479	0.06489562	0.083721603	0.014352357	0.794590181	0.521661388	0.370743844	0.811375248	0.690009864
85	563DZ	0	0.018780637	0.323007884	0.345955718	0.289077259	0.372571091	0.531473489	0.356104241	0.391956795	0.703320134	0.057002393	0.058881412	0.019827633	0.737102845	0.108788839	0.316472301	0.811188811	0.703550981
92	564DZ	0	0.046256313	0.359936117	0.39156874	0.316994334	0.410055286	0.555746085	0.370193404	0.380743785	0.447606294	0.125627507	0.08836843	0.015163413	0.904051388	0.5836943	0.34418136	0.755496306	0.645542597
93	565DZ	0	0.029881435	0.490315987	0.556273997	0.452431698	0.655181242	0.719975157	0.643561439	0.564367823	0.812316716	0.215005491	0.059344909	0.017087488	0.727742134	0.388450299	0.52843902	0.727042723	0.400782639
97	566DZ	0	0.025712154	0.413341829	0.471114761	0.269422805	0.485623385	0.595278506	0.450749044	0.449486373	0.58018114	0.092803646	0.075258063	0.013690914	0.924309241	0.261776601	0.475397615	0.65	0.667928337
98	567DZ	0	0.021635931	0.36794687	0.41473176	0.307569344	0.41854937	0.582262584	0.409496796	0.400744676	0.756607253	0.073059748	0.075545836	0.016557904	0.670047547	0.458489201	0.356245482	0.677647059	0.684934605
99	568DZ	0	0.017005991	0.343429122	0.377402051	0.322474156	0.393523932	0.557830012	0.416902802	0.363275119	0.71647275	0.091779438	0.071614911	0.014446714	0.90869619	0.3463595	0.304864762	0.740352291	0.678534428
100	569DZ	0	0.049360569	0.461948579	0.486200417	0.36643764	0.505134118	0.653370353	0.524811542	0.495233066	0.799925898	0.222625259	0.106547251	0.013135531	0.875533283	0.512815836	0.510149315	0.744502618	0.647576249
118	56BL	1	0.018074322	0.334556032	0.379178949	0.301924476	0.407564169	0.58802451	0.371267028	0.380837045	0.792617776	0.12717159	0.057532887	0.012847435	0.87215702	0.35584177	0.486869936	0.753969298	0.40948694
80	56DZ	0	0.037911747	0.360276533	0.405027379	0.292931695	0.409354052	0.571491504	0.377528533	0.392265197	0.54288499	0.188283137	0.103556667	0.0155002	0.838278372	0.235704795	0.408443344	0.632	0.671653365
101	570DZ	0	0.024100226	0.358943673	0.398935727	0.266786171	0.434609884	0.572996067	0.414565024	0.397955385	0.803833866	0.120130506	0.070890183	0.015824179	0.654003767	0.105237761	0.41841347	0.70244074	0.661746958
102	571DZ	0	0.041192984	0.392056523	0.438051145	0.296520201	0.475229179	0.638308427	0.532539582	0.459921101	0.841894977	0.088060895	0.088215544	0.014834607	0.908079126	0.55757701	0.419472113	0.658745804	0.686432375
103	572DZ	0	0.0423084	0.351788617	0.38730645	0.301636987	0.437363425	0.590210011	0.437659413	0.390651681	0.883965281	0.080211923	0.075582585	0.01265938	0.799389157	0.674368367	0.391420323	0.776700598	0.373923907
104	573DZ	0	0.047695938	0.393194515	0.438527824	0.319943736	0.454252134	0.60002476	0.405358023	0.43713788	0.775771971	0.160420144	0.073120425	0.015247006	0.882017999	0.572663302	0.389780151	0.774820187	0.676014681
105	574DZ	0	0.04573325	0.396395362	0.43307114	0.304385506	0.464768126	0.61862753	0.469982174	0.459529169	0.746203905	0.254239986	0.099268792	0.014768638	0.704999756	0.301769683	0.357697761	0.739473684	0.664974705
106	575DZ	0	0.022108704	0.428768089	0.474417555	0.322645528	0.514643471	0.670524927	0.550309974	0.498352584	0.83224146	0.097615128	0.075204254	0.013185126	0.861996503	0.416474218	0.404462449	0.712734077	0.681210987
20	577DZ	0	0.051821798	0.395983713	0.443727621	0.333437322	0.462485178	0.597021733	0.442312702	0.42296237	0.71291866	0.089134153	0.090398149	0.014856296	0.886916463	0.280063178	0.38230058	0.719556644	0.666451354
30	578DZ	0	0.029330338	0.361255833	0.389435014	0.259395091	0.424272697	0.599184243	0.387526376	0.398575869	0.742806552	0.229356856	0.088222346	0.01793344	0.887961245	0.403963967	0.405119922	0.701886792	0.469239839
195	579DZ	0	0.039952693	0.424664507	0.488558749	0.433193125	0.519222483	0.668921122	0.513285884	0.47808845	0.840163934	0.106474593	0.077551953	0.016167628	0.768913481	0.615344815	0.427039227	0.695543758	0.685225607
43	57BL	1	0.029810494	0.385155284	0.431283425	0.313203103	0.441208792	0.596194778	0.396368785	0.417840387	0.873511905	0.061618201	0.077206621	0.014966288	0.37243365	0.538582369	0.509647887	0.696775794	0.382239874
196	580DZ	0	0.02159935	0.35984249	0.395771421	0.307822295	0.415100478	0.589015135	0.412311047	0.4112949	0.879452055	0.158455561	0.069037081	0.014339343	0.920599743	0.429416293	0.396930597	0.644110691	0.679506598
198	581DZ	0	0.026093148	0.404381065	0.460541015	0.31512391	0.489436116	0.633728972	0.522668991	0.438181292	0.801242236	0.110765018	0.072037966	0.014316445	0.847911942	0.39806876	0.36644629	0.731168831	0.460730012
197	582DZ	0	0.016380994	0.37022382	0.409068487	0.336074047	0.387607258	0.602273988	0.445204866	0.427280747	0.913532377	0.076946446	0.072728616	0.01503458	0.91853604	0.288917079	0.463272151	0.792360112	0.111397792
199	583DZ	0	0.051545121	0.425010222	0.479774635	0.381048096	0.499831097	0.652619772	0.546718894	0.457078994	0.88570529	0.228825252	0.074954093	0.014930121	0.897688521	0.477480755	0.435075934	0.654634146	0.675935672
200	584DZ	0	0.026555152	0.397371843	0.462349513	0.297437801	0.459802461	0.609136562	0.436649781	0.418053205	0.800641026	0.142706731	0.070047683	0.014627333	0.90000341	0.578646288	0.463559542	0.8375	0.478233631
194	585DZ	0	0.030204726	0.372269163	0.421665069	0.250148258	0.441454174	0.61931573	0.440946067	0.446916068	0.864549276	0.182545542	0.069810074	0.016128086	0.845054422	0.295769175	0.416904942	0.68105683	0.701168015
44	58BL	1	0.027282275	0.442223278	0.486873771	0.396938903	0.495529523	0.668958775	0.463953138	0.486059917	0.922352941	0.162632866	0.070777199	0.01229381	0.8213615	0.192452434	0.493733831	0.653429952	0.668845758
45	59BL	1	0.020175067	0.397357103	0.438961928	0.294646079	0.542068913	0.687089027	0.771914179	0.44647857	0.965065502	0.133200779	0.082176779	0.013721658	0.908734457	0.45730048	0.316802489	0.563934426	0.694466495
5	5BL	1	0.038045912	0.446129243	0.467903386	0.383948643	0.507039386	0.63008487	0.466842111	0.504960873	0.726186164	0.246794433	0.083231423	0.015136737	0.922850982	0.366278796	0.446131688	0.702690251	0.421460714
46	60BL	1	0.030403455	0.392397967	0.451127486	0.380725837	0.464977492	0.661116183	0.459279821	0.444830994	0.342934293	0.172262595	0.096789852	0.014141663	0.84609991	0.200435719	0.42851064	0.700680272	0.665588673
157	60DZ	0	0.073294196	0.37241879	0.413395276	0.288348072	0.447650009	0.608964904	0.439522982	0.447057837	0.796083727	0.210360527	0.098765207	0.013255118	0.855913122	0.249162893	0.373625835	0.74811479	0.635461197
47	61BL	1	0.018325442	0.356603737	0.384716968	0.306149362	0.375581785	0.564333442	0.411905842	0.386575237	0.808636749	0.132781062	0.075717734	0.015619192	0.891624305	0.336116404	0.440775347	0.639215686	0.679887891
183	61DZ	0	0.033513492	0.373823752	0.422660667	0.25901717	0.407111601	0.591855552	0.40309704	0.423084652	0.707729469	0.096465056	0.078467982	0.01685097	0.856569614	0.41854938	0.362975711	0.784810127	0.477388673
48	62BL	1	0.013635076	0.343237207	0.386561473	0.312298416	0.390953385	0.577622084	0.429972692	0.386362027	0.694256757	0.08626973	0.060493943	0.014891889	0.78791798	0.329810165	0.421874237	0.749425287	0.402813742
107	63BL	1	0.02104769	0.375263576	0.426553989	0.333068557	0.513795771	0.625345633	0.551397986	0.408578212	0.910478128	0.148151652	0.065100307	0.014002768	0.839260733	0.310243527	0.361303861	0.695833333	0.693577758
142	63DZ	0	0.082427539	0.390599113	0.437564779	0.276729424	0.43241066	0.61095051	0.434639522	0.428401453	0.748837209	0.19715379	0.089088651	0.01587849	0.781020655	0.457736021	0.520257151	0.745185185	0.490789473
49	64BL	1	0.031299609	0.391380477	0.431727111	0.303740417	0.456921483	0.606412862	0.481978119	0.42935311	0.800268097	0.252026217	0.069893847	0.015633367	0.818714677	0.288198802	0.410837409	0.683168317	0.41520722
151	64DZ	0	0.035374158	0.387443066	0.416200285	0.344334678	0.491062898	0.634065384	0.430137602	0.457672095	0.769072165	0.106228005	0.091761467	0.014758423	0.831393935	0.478813559	0.441225646	0.735653692	0.619927996
50	65BL	1	0.032918529	0.374976399	0.418503623	0.322692776	0.47096824	0.627157151	0.488735815	0.408635115	0.792243767	0.079216495	0.072600903	0.012708688	0.895547751	0.435676664	0.420891198	0.746938776	0.3792293
117	66BL	1	0.020332382	0.364389999	0.40189996	0.325211666	0.436727958	0.597798176	0.413664242	0.420080903	0.821576763	0.081513607	0.067283515	0.013862126	0.682801733	0.594741823	0.302862003	0.714313885	0.699745979
4	66DZ	0	0.07145798	0.424533087	0.464027319	0.317036539	0.48733192	0.644863593	0.490726187	0.47963159	0.867609721	0.142913271	0.119797658	0.017178287	0.767951557	0.530378852	0.393163314	0.681384464	0.662464143
51	67BL	1	0.021823009	0.31074766	0.337141448	0.26581277	0.406536092	0.569914943	0.369638559	0.361789982	0.801143583	0.185401608	0.067421206	0.015538545	0.526419884	0.479869869	0.317834792	0.638356164	0.677653327
77	67DZ	0	0.061609514	0.449557226	0.476318904	0.395232229	0.530792385	0.669792362	0.497105142	0.529904477	0.76795284	0.13201718	0.079903589	0.013627686	0.694535753	0.633985819	0.488096954	0.753846154	0.635038963
53	69BL	1	0.016640292	0.409264814	0.461941469	0.311427828	0.45216593	0.608408338	0.426581327	0.436309691	0.577956989	0.092243338	0.083510326	0.014908312	0.936275637	0.524179122	0.315778188	0.665452092	0.45869518
172	69DZ	0	0.051370117	0.350179531	0.395270034	0.268723323	0.398113537	0.60164622	0.432999841	0.377680527	0.535681186	0.124946574	0.09497447	0.015949367	0.699785933	0.381592398	0.488888067	0.61957169	0.665790188
6	6BL	1	0.01544479	0.324000386	0.371857299	0.26726542	0.387795845	0.560042498	0.342365661	0.369288692	0.870484581	0.103570754	0.06844168	0.015378758	0.83931327	0.3987762	0.572258711	0.72997719	0.354287599
87	6DZ	0	0.027124801	0.406254498	0.474691527	0.315536437	0.532512054	0.675966393	0.422079266	0.503961795	0.657802463	0.1132794	0.088353264	0.01484296	0.768382448	0.354260529	0.428471732	0.704111696	0.675703683
54	70BL	1	0.023858807	0.401134973	0.432593891	0.321853673	0.419869064	0.617601027	0.420933289	0.430763382	0.637603796	0.176341059	0.077468961	0.014293447	0.758498082	0.188345554	0.535772926	0.643333333	0.35565886
1	70DZ	0	0.036731523	0.376450717	0.411889597	0.33072356	0.44128259	0.598104836	0.4350993	0.457891399	0.771846108	0.184467124	0.074571713	0.012257396	0.847253027	0.549402315	0.42094951	0.673672744	0.658611221
55	71BL	1	0.028653575	0.517582299	0.53990222	0.45885413	0.612354347	0.741998351	0.583154212	0.602825668	0.563997262	0.132878774	0.107032542	0.015867157	0.936439217	0.412006384	0.401816143	0.564179104	0.659626101
139	72DZ	0	0.058887932	0.387566244	0.488555961	0.331798864	0.504778036	0.65683777	0.6503727	0.481690536	0.841509434	0.101893452	0.082726417	0.015056483	0.871864587	0.302809827	0.428116138	0.688815208	0.659238374
116	73BL	1	0.019098287	0.360423391	0.418142294	0.280718601	0.424030534	0.592381483	0.409882202	0.398762998	0.69592089	0.160262417	0.075562384	0.013717158	0.838359548	0.351630786	0.462711178	0.710526316	0.673506223
184	73DZ	0	0.022696766	0.378409603	0.424934126	0.288734488	0.428968222	0.603313072	0.418939688	0.433101702	0.70212766	0.232605681	0.084456299	0.014636007	0.720597669	0.292891548	0.450983353	0.749894292	0.419062694
56	74BL	1	0.023664922	0.354285682	0.393757477	0.283254624	0.391448203	0.597390226	0.37316698	0.391254426	0.738996929	0.135241434	0.057337678	0.012897997	0.912931413	0.382089557	0.437238716	0.730802486	0.684570897
119	75DZ	0	0.038164042	0.402129868	0.451185974	0.323489861	0.466485011	0.626969474	0.484878908	0.433269584	0.760259179	0.225979564	0.116554777	0.018173285	0.866233293	0.415564644	0.439677896	0.729411765	0.633165696
109	76DZ	0	0.041975848	0.401341095	0.444883602	0.331214833	0.45857632	0.632767742	0.426053086	0.429089048	0.689389068	0.177107278	0.090827692	0.014400673	0.846570389	0.399550675	0.429714553	0.706156942	0.416021023
7	7BL	1	0.149287563	0.400051956	0.453194456	0.323967898	0.454165579	0.606542837	0.503513624	0.431811159	0.528718704	0.312815855	0.089528193	0.015246905	0.897427725	0.254219291	0.25310987	0.639764575	0.618382523
8	8BL	1	0.028177814	0.363252015	0.415559563	0.251126189	0.445553738	0.615138969	0.448216664	0.419819955	0.679092382	0.091258107	0.085661959	0.016157649	0.822631856	0.455449928	0.392278232	0.807982456	0.482090257
143	8DZ	0	0.036898097	0.393000659	0.438762427	0.34963562	0.430437555	0.622450026	0.446410998	0.460320793	0.782776801	0.113062799	0.102034571	0.014891274	0.902159387	0.407563549	0.482677707	0.644294692	0.649785667
57	93BL	1	0.011224892	0.346493011	0.395244928	0.310203728	0.409209623	0.559736173	0.423898159	0.39540605	0.807372176	0.056122113	0.061451173	0.014393306	0.852357442	0.062178932	0.419741731	0.718518519	0.701759624
58	94BL	1	0.015961635	0.372264671	0.425642479	0.263871716	0.429328693	0.642754118	0.441913111	0.430737767	0.895705521	0.115409981	0.045915328	0.016153468	0.941844681	0.533279051	0.42613758	0.818040816	0.336195055
59	95BL	1	0.036745268	0.426415362	0.471571575	0.397521152	0.540162699	0.654262815	0.59228493	0.490536073	0.799392097	0.081348369	0.072120236	0	0.596382188	0.422367929	0.44557303	0.739740394	0.674084487
60	96BL	1	0.020030905	0.392930614	0.455218251	0.328917741	0.495929638	0.65357315	0.576223409	0.416534781	0.955147373	0.156172039	0.055749229	0.013891727	0.733475507	0.412440026	0.351126446	0.708187536	0.697067215
61	97BL	1	0.031922547	0.333832295	0.363709275	0.253493494	0.428402859	0.583336048	0.406572504	0.383223857	0.728109029	0.143825583	0.077776197	0.014639509	0.767516327	0.326578422	0.352588742	0.722298154	0.669025074
62	98BL	1	0.049312926	0.545799335	0.622205242	0.463051054	0.73411825	0.790167887	0.824225289	0.597443104	0.963700234	0.253315067	0.078888238	0.015458569	0.710157277	0.498164955	0.520065461	0.694438095	0.672143853
63	99BL	1	0.020151572	0.339543144	0.364887395	0.276038329	0.41882284	0.55396611	0.381357905	0.366258106	0.675609004	0.120757665	0.073468387	0.012548192	0.759547615	0.335185152	0.425815205	0.690162198	0.696466385
9	9BL	1	0.017849877	0.319711037	0.351253297	0.233529401	0.365559499	0.554273861	0.337127738	0.347109898	0.642837039	0.157512733	0.065871703	0.01484998	0.880066447	0.375684249	0.441119376	0.671393813	0.693777274
11	9DZ	0	0.031079003	0.379170195	0.430515992	0.302481741	0.408739303	0.597522063	0.407955962	0.425617963	0.779853777	0.103208957	0.080409764	0.014975253	0.898726808	0.380533666	0.398258324	0.790362047	0.815651767
